12 2438572
23 1822478
19 1321142
11 1226919
00 1206333 
10 1205961
01 1049505 
20 1034432
08 971690 
34 970330
45 959858
21 919852
56 823871
99 778552
22 766562
02 727049 
07 699264 
13 688295
09 672751 
06 665965 
98 656679
05 650019 
14 649308
25 636759
89 620160
03 601772 
04 582622 
31 558436
91 554876
15 554058
18 545498
90 543076
30 536780
24 522679
88 511570
78 503186
16 482486
32 474742
17 464519
92 464070
28 459086
87 443975
81 434332
52 429309
80 428852
41 419827
50 419483
26 417507
51 416493
69 409896
29 408341
77 404056
27 402771
67 402032
33 393243
55 385978
66 384493
40 382439
85 378245
61 368070
82 368029
42 365589
71 361591
86 360083
97 356694
60 355894
96 348466
70 345726
93 339044
43 335217
84 328246
95 325553
94 325151
54 316932
83 316928
53 315441
62 306186
44 300118
72 299396
65 291132
58 284698
79 281399
36 278857
35 272706
59 267306
68 264885
48 258947
47 255526
46 248470
63 247196
75 245277
38 243964
74 242253
76 241592
57 234072
39 232829
49 229799
37 220451
73 216807
64 215803
