123 1260034
234 723240
345 638524
456 565098
199 374504
200 363156
198 346602
111 255705
101 232626
000 221616 
567 192686
121 185375
789 183417
678 164126
010 163034 
112 151219
100 149787
102 138639
120 132661
122 131779
012 130459 
110 130253
197 121843
007 119793 
020 118601 
091 109442 
321 108274
011 105172 
212 105000
080 103198 
987 103147
081 102784 
119 101954
210 100771
666 98785
999 97139
030 96997 
252 95996
777 93931
021 93202 
092 92942 
001 92408 
006 91448 
090 91303 
219 90978
555 90738
201 90265
222 89214
050 87642 
040 86723 
019 85770 
143 82875
990 82243
131 81749
031 81364 
089 79591 
008 79430 
220 78859
060 78608 
041 78416 
005 78055 
211 77651
231 77044
888 76711
108 76231
070 76183 
991 75991
253 75905
989 75191
051 74555 
992 72948
087 72317 
230 71467
061 71259 
085 70644 
130 70565
103 70541
312 69725
919 69524
071 69356 
654 69161
083 68578 
202 68101
002 67827 
993 67395
221 66900
109 66844
190 66782
128 66192
988 65689
022 65676 
125 65620
432 65049
004 64749 
619 64199
003 64094 
994 63331
082 63226 
141 62835
300 62581
150 62509
084 62104 
196 61909
310 61844
319 61731
140 61539
118 60832
032 60372 
250 60046
086 60015 
519 59255
420 59240
311 59175
042 58571 
129 58417
995 58307
333 58015
151 57833
251 57750
191 57705
419 57357
910 57139
105 56939
543 56932
819 56882
180 56714
985 56525
911 56458
525 56429
986 56392
052 55771 
159 55214
062 54901 
009 54766 
223 54528
072 54151 
290 54096
107 53880
301 53859
890 53832
719 53545
240 53518
203 53390
232 53059
412 52899
160 52743
170 52584
280 52212
104 52193
181 51793
225 51786
098 51359 
106 51216
213 51188
028 51113 
171 50674
258 50582
214 50537
029 50330 
013 50111 
018 49882 
147 49806
208 49399
260 49281
113 49065
900 49061
512 49050
161 48794
124 47957
182 47941
233 47918
205 47640
984 47543
852 47485
270 47398
612 47368
206 47247
241 47143
996 47124
025 47041 
520 46789
920 46424
088 46043 
313 45972
810 45966
204 45723
891 45086
912 44562
876 44522
291 44451
209 44442
411 44425
132 44425
281 43977
323 43948
192 43618
303 43566
207 43460
078 43436 
410 43363
510 43325
444 43218
812 42964
511 42240
218 42153
127 42062
242 42046
014 42043 
099 41969 
314 41926
982 41879
505 41740
228 41645
980 41160
811 41100
711 41059
305 40806
236 40703
983 40665
016 40467 
058 40424 
224 40389
215 40044
069 39983 
901 39956
261 39864
117 39800
921 39490
188 39465
981 39423
195 39385
808 39357
126 39357
068 39190 
909 39169
302 39035
969 38983
017 38967 
142 38926
369 38850
023 38829 
115 38813
246 38783
500 38497
501 38357
765 38341
038 38318 
325 38294
288 38162
079 37979 
271 37783
114 37685
308 37588
801 37532
216 37341
712 37325
404 37302
425 37190
515 37173
963 37111
048 37095 
152 37083
611 37031
189 36914
521 36715
015 36687 
610 36336
309 36299
304 36269
606 36022
405 35942
320 35932
289 35863
306 35838
059 35837 
800 35832
506 35608
414 35509
187 35316
024 35312 
229 35190
402 35029
039 34965 
710 34906
707 34716
523 34660
401 34560
027 34474 
502 34448
282 34433
227 34242
802 34191
135 34127
997 34095
820 34065
292 33963
049 33961 
696 33953
116 33895
262 33885
424 33847
894 33807
406 33798
503 33756
504 33739
217 33688
979 33581
531 33400
753 33321
526 33299
307 33243
524 33168
530 33116
809 33035
235 32995
725 32992
975 32936
522 32892
226 32853
978 32769
601 32713
805 32700
248 32493
254 32490
145 32487
162 32477
741 32316
998 31974
951 31910
172 31867
529 31825
906 31815
400 31769
806 31670
421 31670
905 31637
701 31545
357 31543
245 31506
625 31480
825 31426
408 31386
053 31228 
322 31206
925 31183
407 30946
332 30932
508 30765
403 30723
415 30641
602 30605
478 30585
831 30546
316 30515
238 30479
880 30473
902 30446
272 30374
315 30349
324 30347
818 30306
528 30304
561 30246
507 30061
804 29967
532 29950
185 29932
600 29916
605 29913
907 29689
908 29608
331 29597
620 29557
178 29552
604 29525
026 29508 
148 29472
527 29459
194 29436
168 29397
193 29377
903 29352
626 29335
821 29280
509 29266
803 29187
138 29173
603 29119
945 29103
705 29047
702 29030
247 29005
870 28975
287 28969
977 28935
918 28934
133 28931
318 28893
807 28867
607 28826
239 28790
134 28760
720 28754
708 28716
700 28666
850 28635
278 28624
904 28600
158 28486
422 28306
268 28214
033 28213 
513 28096
169 28079
930 28059
896 28059
922 28014
704 28012
881 27913
409 27842
255 27828
608 27824
871 27781
706 27729
179 27693
299 27641
703 27596
468 27594
237 27591
344 27505
423 27423
077 27399 
326 27317
426 27249
589 27232
787 27106
535 27096
929 27078
249 27063
269 27046
139 26979
514 26914
860 26881
623 26863
536 26845
717 26733
892 26726
889 26712
298 26613
516 26608
928 26559
786 26553
330 26553
828 26508
533 26496
899 26450
609 26408
632 26321
721 26319
841 26284
851 26239
256 26232
545 26226
149 26221
418 26204
621 26152
840 26130
177 26129
259 26080
878 26059
785 26058
616 26008
788 25998
317 25984
915 25975
813 25953
293 25927
416 25923
413 25893
186 25821
822 25800
093 25767 
566 25742
916 25715
588 25705
898 25680
365 25657
455 25577
454 25542
286 25537
861 25504
431 25465
622 25451
517 25395
709 25380
279 25335
830 25332
183 25322
556 25271
585 25242
451 25239
136 25208
791 25168
434 25151
976 25122
153 25095
452 25053
244 25022
565 24996
874 24992
155 24916
184 24791
285 24744
243 24716
334 24712
727 24709
913 24689
518 24641
690 24574
691 24561
624 24413
814 24411
923 24369
722 24363
815 24340
790 24208
445 24180
284 24138
055 24130 
277 24124
283 24092
689 24064
263 24043
551 24041
971 24025
931 24012
137 23998
970 23976
714 23967
552 23952
534 23934
156 23898
430 23876
591 23827
858 23807
066 23795 
613 23792
824 23780
144 23770
043 23768 
597 23767
895 23748
688 23731
713 23708
472 23707
541 23678
718 23671
587 23617
491 23551
488 23532
154 23514
490 23484
328 23447
428 23387
972 23350
816 23238
973 23143
165 23130
360 23128
926 23122
388 23116
593 23114
974 23111
698 23095
097 23068 
914 23066
579 23043
327 23013
481 22943
341 22937
823 22931
063 22912 
417 22902
590 22900
723 22887
832 22882
681 22865
157 22849
095 22742 
486 22720
879 22534
391 22514
630 22506
067 22493 
562 22451
817 22412
296 22378
917 22358
489 22325
568 22278
054 22278 
618 22213
628 22199
073 22197 
146 22196
450 22184
352 22183
266 22141
542 22108
175 22094
927 22085
167 22064
877 22051
163 22032
166 22010
546 21992
875 21957
692 21942
484 21942
065 21938 
363 21934
868 21926
862 21899
614 21894
441 21876
586 21868
731 21863
074 21847 
427 21827
581 21767
615 21755
950 21707
257 21701
699 21691
617 21667
627 21665
940 21654
390 21637
342 21635
295 21629
656 21608
872 21576
045 21567 
882 21566
715 21555
897 21547
845 21522
924 21512
094 21492 
592 21487
471 21479
044 21458 
848 21439
056 21437 
329 21393
435 21392
578 21374
778 21364
563 21350
686 21340
385 21336
035 21292 
389 21288
584 21275
966 21272
569 21269
265 21257
461 21183
583 21174
351 21140
693 21110
264 21109
442 21099
564 21096
961 21093
096 21059 
960 21048
294 21042
550 21027
941 21024
856 21016
034 21000 
554 20990
492 20982
274 20967
599 20956
887 20942
965 20933
728 20918
582 20897
829 20816
465 20813
482 20812
480 20804
036 20792 
580 20767
866 20759
869 20741
164 20692
838 20684
174 20682
842 20674
792 20660
392 20602
826 20566
393 20538
781 20532
343 20522
595 20521
485 20513
047 20511 
836 20508
487 20433
433 20432
173 20413
865 20404
885 20399
037 20396 
685 20381
631 20374
346 20359
687 20355
356 20351
429 20307
724 20280
355 20262
636 20236
267 20231
669 20220
275 20155
730 20152
366 20146
462 20107
846 20099
661 20095
596 20095
537 20090
771 20026
544 19968
694 19967
378 19949
336 19947
629 19943
057 19899 
350 19845
726 19772
539 19769
968 19767
833 19763
854 19759
859 19665
273 19584
547 19576
362 19511
075 19508 
361 19467
886 19460
538 19452
645 19449
383 19449
457 19437
353 19423
440 19392
395 19392
387 19391
297 19391
716 19389
873 19340
575 19340
867 19308
780 19305
458 19286
176 19280
662 19275
745 19273
464 19225
386 19214
560 19206
962 19203
540 19192
855 19188
335 19182
382 19157
354 19153
598 19130
453 19127
474 19119
729 19100
784 19053
553 19043
827 19028
679 19027
782 19005
571 18966
967 18962
652 18954
381 18909
747 18899
665 18892
046 18871 
655 18869
651 18854
682 18841
959 18833
494 18797
770 18788
684 18709
932 18705
384 18667
633 18653
952 18646
650 18534
499 18524
466 18490
399 18465
642 18413
460 18410
853 18386
677 18385
893 18348
477 18325
697 18321
683 18306
857 18297
799 18278
340 18151
443 18145
884 18122
956 18094
667 18087
837 18061
793 18061
844 17974
798 17955
276 17952
964 17946
577 17935
680 17934
495 17922
467 17905
377 17900
843 17890
594 17888
394 17885
475 17865
436 17860
646 17859
795 17833
470 17828
955 17825
695 17768
935 17758
942 17751
641 17720
663 17699
493 17696
358 17696
559 17684
483 17684
847 17666
448 17627
660 17612
772 17582
558 17539
751 17501
839 17499
446 17498
671 17486
549 17445
742 17430
883 17406
371 17402
776 17400
835 17393
732 17294
779 17291
076 17282 
364 17214
548 17212
933 17099
380 17056
849 17044
757 17012
794 16999
775 16993
337 16956
750 16891
676 16888
379 16876
557 16853
463 16828
635 16818
774 16814
339 16806
469 16786
783 16785
664 16743
658 16640
459 16638
653 16605
834 16578
498 16575
574 16551
668 16545
373 16524
954 16511
447 16499
396 16467
797 16452
949 16391
374 16309
675 16293
064 16292 
761 16198
338 16194
752 16193
953 16170
939 16161
773 16103
479 16058
637 16057
958 15999
572 15997
740 15979
756 15958
733 15911
767 15901
570 15897
372 15864
370 15860
347 15837
670 15763
644 15759
398 15756
640 15746
755 15721
744 15708
437 15697
496 15696
643 15695
638 15685
359 15680
760 15666
348 15656
473 15651
746 15625
766 15623
367 15584
634 15552
659 15542
375 15497
863 15494
946 15418
657 15396
754 15351
936 15339
944 15335
639 15223
796 15169
349 15135
737 15126
576 15120
758 15111
573 15067
748 15054
957 15047
672 15037
674 15011
864 14996
368 14963
648 14935
438 14907
948 14834
449 14760
476 14657
943 14632
762 14599
397 14591
759 14587
743 14571
497 14562
735 14489
673 14323
736 14252
769 14222
376 14169
647 14139
764 14127
934 14043
439 13862
947 13726
734 13676
938 13546
749 13411
739 13363
649 13322
763 13223
768 13142
937 13065
738 12782
