1234 690029
2345 615175
3456 496769
4567 168304
5678 142522
6789 118429
1111 106064
0000 104306
2007 58193
2006 55948
1992 52302
1991 51259
1990 50997
1989 49382
1993 49287
1994 47317
1987 46971
9999 45609
2008 45111
5555 45065
7777 44170
1988 43387
4321 42078
2005 41055
1212 40668
1995 40577
5432 38699
1986 38688
8888 35945
1985 35776
6666 33877
6543 33324
1219 33135
1019 33091
2222 31683
1010 31677
1984 31178
0919 29956
1996 29689
1231 28861
2004 28554
2000 27426
1122 26763
1119 26729
2198 26241
1983 25956
0123 25715
0101 25650
2121 25292
1982 25029
2199 24934
2003 24619
2312 24282
1020 24250
1199 23514
8765 23269
1198 23258
0819 23254
9876 22724
2002 22675
1980 21985
7654 21909
1981 21611
0119 21377
2001 21243
0319 21202
0219 20951
0519 20813
2009 20776
3123 20569
0419 20281
0619 20279
0719 19840
1223 19541
1997 19512
2525 19476
2010 19356
0198 19264
3333 19163
0102 18607
1011 18572
1012 18072
0199 17441
1979 17398
9198 17381
4444 17136
1200 16941
3199 16800
3198 16652
4199 16580
1112 16531
5198 16520
5199 16299
4198 16235
1025 16224
6969 16215
8198 16160
7198 16064
1121 16035
6198 15857
8199 15832
1978 15711
1101 15462
1225 15434
7199 15311
1313 15245
7890 15197
2233 15188
0203 15134
6199 15073
1120 15052
1123 15039
1236 14993
2020 14877
1210 14815
9199 14756
1230 14730
0920 14603
1125 14548
1977 14193
0202 14133
0909 13621
1001 13473
8945 13435
7894 13391
1220 13374
1213 13360
1998 13328
0910 13298
1221 13260
9456 13259
1102 13252
1314 13198
1211 13150
0200 13131
2323 13094
0108 13005
1021 12998
0120 12974
0921 12856
0125 12831
2468 12804
2200 12575
2112 12447
1206 12309
1108 12272
1201 12254
1976 12187
1205 12186
1002 12166
1478 12157
0505 12044
1031 12030
6123 12003
0110 11940
0103 11916
1999 11911
1103 11894
0210 11811
2011 11796
1110 11746
0808 11739
1208 11737
0105 11735
2012 11727
0100 11656
1000 11625
1030 11619
0918 11618
0303 11618
1975 11553
9900 11510
0121 11490
1202 11306
1233 11273
0112 11221
0707 11220
0109 11214
1105 11192
1222 11150
1018 11145
1005 11136
1029 11135
1128 11128
1919 11123
0106 11093
1204 11062
1109 11061
0111 11035
1203 10982
5252 10977
1106 10957
1022 10921
0810 10919
1028 10917
0104 10896
1207 10878
1004 10787
4561 10767
1100 10750
1006 10748
0107 10743
0606 10716
1214 10666
2030 10650
2101 10642
1023 10635
0801 10604
0506 10564
1104 10549
0404 10534
5612 10511
1007 10503
2526 10493
1107 10484
0802 10465
0405 10408
1218 10406
0806 10404
1003 10348
1129 10331
5200 10252
2119 10197
0987 10195
0304 10126
0825 10074
0906 10057
1209 10033
0812 10017
1974 10015
1973 10015
1228 9974
1597 9944
4200 9921
2529 9854
1014 9778
2211 9759
2519 9745
3200 9723
1015 9706
2019 9680
8200 9667
1013 9667
1088 9657
1215 9619
0122 9617
0131 9588
0928 9527
0811 9513
0925 9499
0128 9467
2530 9443
1008 9435
2528 9433
1089 9410
0201 9390
0831 9386
2332 9373
0805 9365
0212 9346
1024 9321
0325 9316
2219 9300
0205 9290
0406 9288
0891 9241
9753 9233
0525 9192
0011 9175
0890 9171
0206 9165
1091 9158
2110 9136
2102 9134
0208 9133
2108 9122
7891 9121
1090 9116
1414 9111
0425 9088
1130 9085
0807 9082
2532 9069
2123 9067
0412 9066
0305 9055
2319 9050
1224 9019
0204 9018
0010 8992
0306 8972
2111 8942
1252 8916
1319 8905
3131 8895
2531 8893
1972 8883
1253 8862
1515 8834
5975 8818
4123 8813
1819 8808
1229 8801
0220 8795
2210 8780
1235 8778
0804 8772
0207 8739
0809 8692
0225 8681
0001 8666
2109 8657
1216 8655
1419 8644
2365 8638
0625 8611
1017 8607
3321 8594
9200 8578
7200 8573
3101 8549
1289 8547
2527 8537
2122 8537
0420 8519
0310 8517
0820 8513
0607 8507
1026 8501
2424 8472
1027 8459
0800 8459
2212 8450
6200 8448
1016 8431
1118 8428
0308 8397
0211 8368
0012 8365
2369 8352
0129 8339
2533 8335
2013 8307
1217 8279
1719 8243
1288 8243
2310 8233
0407 8205
8910 8203
0905 8192
1124 8154
0892 8145
2536 8127
1127 8121
1290 8112
3232 8103
1188 8084
0708 8084
0725 8082
0907 8078
1519 8074
1227 8063
0507 8056
0301 8043
3112 8037
0307 8033
0124 8029
0912 8019
1009 8013
4789 7999
1197 7959
1969 7924
2120 7919
0894 7915
2252 7908
3030 7902
2197 7900
0311 7895
1412 7892
0512 7883
0408 7880
1357 7870
3012 7869
1226 7868
0908 7850
1970 7838
1971 7829
0803 7828
0508 7799
1619 7794
2419 7737
0814 7733
0312 7690
3654 7675
3010 7663
0510 7661
0876 7659
2100 7641
0401 7620
3110 7616
2253 7609
1191 7609
1472 7601
0503 7594
0501 7567
1312 7553
2535 7549
2512 7547
0209 7547
0520 7541
0402 7527
0410 7517
1311 7507
0118 7506
0502 7497
0320 7496
9696 7493
1126 7475
0852 7465
0841 7459
0816 7449
1189 7443
2021 7436
0612 7432
0504 7427
7258 7425
0990 7414
0911 7398
1092 7394
0608 7374
1190 7372
2311 7365
0915 7363
3210 7353
2201 7350
3011 7345
0815 7345
0850 7344
0411 7338
0309 7330
2524 7322
2103 7311
1310 7311
0302 7305
3121 7292
2104 7292
2105 7285
1402 7276
0605 7276
7896 7255
0511 7250
2534 7238
0127 7221
0705 7190
0840 7187
4725 7177
0610 7155
0019 7145
0403 7118
3019 7117
0927 7112
0197 7089
0916 7083
3108 7070
0711 7070
2510 7060
0252 7057
0611 7053
0832 7050
0601 7038
2106 7019
2819 7018
1291 7009
1113 7002
1237 6999
9101 6997
2619 6994
0817 6989
0604 6981
0720 6968
0620 6936
0609 6935
7852 6928
1081 6926
0020 6911
0929 6904
0603 6897
0214 6890
5566 6885
2511 6882
1232 6880
2301 6877
1818 6877
0875 6876
0706 6876
2128 6862
1512 6858
0509 6855
3119 6852
0126 6852
0602 6845
0858 6839
1434 6831
5201 6791
0896 6785
0922 6773
0704 6768
3579 6750
1411 6745
0813 6743
8963 6736
2107 6720
1410 6717
2410 6708
0701 6705
0712 6702
0190 6699
2131 6697
2719 6695
0895 6691
0901 6690
2208 6684
0904 6683
2202 6667
4785 6666
3000 6665
1717 6651
2412 6638
1593 6629
0866 6626
0409 6603
9123 6602
0253 6602
9632 6589
1911 6588
5050 6585
0877 6578
0859 6574
1306 6571
0903 6571
0902 6570
4253 6566
0838 6564
2523 6551
1308 6549
0710 6533
1117 6525
0818 6504
1968 6487
1080 6479
0702 6445
0926 6443
8912 6427
0879 6422
1301 6421
0851 6418
0865 6414
0857 6380
0289 6380
0856 6379
2919 6374
1040 6374
9874 6372
0703 6365
2522 6356
0871 6355
1115 6335
9090 6331
2308 6328
0290 6322
0130 6316
0868 6286
1905 6284
1309 6275
1321 6274
8101 6270
0414 6256
1305 6255
2505 6251
2205 6251
0021 6243
0878 6238
0288 6222
2305 6219
2411 6217
1114 6217
1087 6207
1405 6205
2304 6196
2306 6195
1287 6191
5121 6190
1050 6187
1510 6171
9111 6164
0897 6156
0873 6152
0837 6151
1912 6148
1505 6144
1511 6128
1051 6115
2118 6105
2206 6101
3344 6080
4121 6079
2303 6078
5101 6059
0846 6058
0869 6046
1303 6040
0070 6036
0709 6034
8080 6024
2209 6023
2520 6020
5123 6018
5253 6006
4344 6006
1616 6004
9197 5992
1245 5991
4252 5985
0191 5982
2309 5977
0789 5974
1404 5972
1302 5966
1116 5965
0833 5958
2506 5925
1078 5923
0291 5922
1711 5914
1967 5908
1098 5907
2626 5891
1712 5877
2810 5866
0221 5865
1406 5863
1812 5854
0416 5850
2583 5847
4141 5837
1907 5821
0839 5820
0874 5815
2334 5806
1292 5786
0321 5786
1192 5777
0300 5773
2207 5772
1612 5765
2307 5764
3103 5762
0861 5757
0872 5749
2812 5747
2456 5747
0917 5746
2129 5735
1187 5734
1611 5730
1307 5730
1401 5723
1082 5720
1415 5718
1032 5716
3698 5711
9001 5710
9010 5705
0923 5705
2203 5703
0821 5700
9119 5699
2612 5695
1852 5676
1501 5673
2088 5671
2204 5669
1811 5658
0189 5647
2828 5645
4455 5641
0218 5637
1502 5633
2521 5631
0424 5630
1910 5627
1304 5625
0323 5623
2302 5622
4101 5620
0836 5618
1506 5616
6321 5607
0899 5605
1407 5600
1903 5597
9121 5587
0500 5573
2610 5567
5151 5564
0853 5560
4681 5554
0188 5553
9102 5552
1258 5552
3001 5548
3197 5542
1810 5535
2911 5533
9108 5530
2611 5527
4545 5525
1058 5519
3020 5514
9110 5512
2501 5503
2091 5500
2378 5494
0292 5493
9112 5490
1041 5485
1408 5478
0690 5477
2508 5475
2406 5474
1071 5471
1606 5460
1966 5453
3003 5446
2811 5435
1403 5435
0192 5435
2503 5433
0590 5433
1710 5429
1425 5421
2504 5420
1805 5413
1605 5407
2711 5405
0830 5404
0862 5401
0400 5401
1085 5393
3252 5391
1610 5384
0113 5373
2031 5367
1251 5367
0835 5365
1965 5364
1908 5364
1705 5364
1061 5364
2606 5363
9012 5361
0228 5358
0989 5353
9011 5351
1963 5348
2040 5344
3120 5343
2288 5342
0988 5342
0848 5342
1038 5341
0849 5341
2405 5338
1503 5334
2710 5332
2404 5332
0213 5328
0031 5328
0071 5319
0050 5315
8197 5312
4242 5310
1431 5302
5254 5297
0867 5292
1808 5288
1093 5275
0824 5273
0790 5272
1504 5266
3100 5265
2712 5265
0700 5265
0030 5264
2050 5262
2089 5259
1509 5256
1906 5251
0117 5245
0822 5244
0845 5240
1286 5237
0051 5237
2028 5234
0115 5230
0114 5224
3040 5215
1920 5214
0022 5212
0854 5208
1086 5207
2910 5198
1079 5198
0898 5198
2502 5196
1701 5193
1409 5193
1508 5192
1131 5191
3105 5190
9109 5187
6987 5187
0287 5185
8121 5181
2022 5169
0788 5169
0823 5168
5197 5167
3111 5167
2912 5156
0224 5153
0018 5152
0860 5131
9000 5130
8252 5130
0589 5127
0870 5119
0215 5113
2805 5108
4197 5107
4040 5100
3006 5094
1708 5091
1420 5087
9911 5084
1909 5083
0588 5082
3107 5078
1285 5077
1706 5076
1806 5074
1060 5074
6810 5072
6197 5072
0002 5070
2425 5069
1802 5068
2090 5062
1604 5039
1707 5038
1904 5029
0041 5026
3253 5023
2081 5022
3004 5019
3005 5018
1239 5013
0258 5013
0688 5010
2727 5009
0223 5009
9252 5007
5120 5007
5935 5006
2507 5002
1602 4997
0521 4993
1300 4989
2407 4988
0991 4988
2402 4987
0293 4985
2509 4983
0318 4980
1803 4978
0889 4975
6101 4971
2300 4970
0147 4968
1964 4960
2125 4959
1507 4953
1039 4953
1804 4951
0843 4951
1293 4950
2408 4946
0490 4946
1516 4941
0689 4941
0330 4938
2808 4937
2403 4936
0390 4930
2401 4929
0847 4929
1070 4925
4185 4920
1601 4920
6252 4915
6121 4914
1902 4913
0723 4908
1520 4906
0061 4905
3122 4904
0515 4900
1281 4898
5010 4896
9021 4892
8989 4887
0324 4887
2041 4881
1186 4877
7197 4873
5000 4867
2589 4861
0834 4861
1704 4858
1181 4857
0621 4849
7101 4848
3102 4848
0844 4848
9212 4845
2080 4842
6253 4841
1250 4840
0423 4840
3128 4836
3031 4833
9357 4832
0313 4827
2029 4824
0222 4819
1068 4818
1280 4815
0216 4815
2051 4814
2605 4811
1059 4811
1603 4809
2806 4808
2801 4807
3214 4806
9852 4797
7121 4797
7418 4796
2707 4795
2603 4792
0691 4791
2604 4790
5150 4789
2018 4783
0388 4779
0422 4776
0721 4774
1432 4772
0040 4770
8111 4769
0513 4765
0828 4760
4100 4758
0322 4756
0623 4751
1099 4750
1702 4749
9891 4748
2804 4743
7070 4736
0622 4733
8010 4727
1278 4727
0522 4727
8253 4722
0326 4722
2060 4719
2069 4716
5011 4715
0415 4714
2705 4709
0421 4709
1703 4706
1193 4706
2141 4705
0060 4703
5656 4699
8520 4695
0314 4693
1048 4692
8119 4690
8369 4689
1608 4687
3007 4685
0227 4683
0389 4680
5111 4679
1901 4677
0315 4677
3118 4676
0116 4676
2078 4673
2602 4672
1801 4672
4050 4671
2906 4664
2580 4662
2223 4660
2905 4659
9901 4655
2601 4653
2140 4653
2704 4649
1238 4640
3789 4638
2061 4638
0722 4638
1607 4635
0080 4631
0514 4628
8102 4627
1320 4625
1196 4621
0217 4621
9921 4620
6060 4617
4020 4613
0187 4610
9253 4602
0692 4596
3091 4593
5100 4592
1069 4592
5112 4589
1284 4589
8100 4580
9951 4576
0888 4575
2537 4574
2321 4567
5236 4565
2802 4564
1807 4564
1961 4562
0081 4562
2098 4560
0600 4559
7412 4558
8523 4555
2042 4546
0791 4544
2807 4540
0316 4538
7252 4534
4111 4531
1809 4529
1500 4527
4102 4525
3021 4524
0913 4523
0489 4521
8181 4518
2325 4515
0714 4511
2058 4508
8011 4507
0523 4503
0286 4502
2341 4501
8112 4500
4112 4497
2703 4497
0787 4496
0007 4495
0281 4489
1185 4487
0924 4486
1150 4485
2803 4484
0591 4483
4120 4479
8524 4477
1709 4477
2607 4476
0280 4470
2132 4469
0013 4469
0717 4468
0417 4468
0426 4464
0413 4464
8118 4456
2901 4455
0088 4454
2706 4451
2701 4451
1052 4450
0914 4449
9202 4445
0630 4445
1324 4441
2324 4438
2608 4437
0624 4437
0826 4436
0428 4427
0626 4424
3211 4420
3008 4417
2244 4416
9871 4410
9191 4410
0855 4409
2190 4406
1049 4406
7111 4405
2048 4405
0614 4402
5454 4400
7253 4396
2130 4396
0488 4386
1609 4383
0387 4381
0196 4379
1180 4374
0616 4373
0099 4373
2708 4369
1094 4365
2903 4361
0587 4361
2068 4357
0618 4354
5119 4352
0687 4352
0032 4351
8108 4350
4108 4349
2904 4347
1820 4347
0391 4343
5836 4342
2409 4338
0727 4335
2702 4333
3141 4331
0317 4331
8529 4329
0418 4326
2909 4323
1960 4320
2929 4315
1962 4315
0628 4315
9120 4311
0393 4310
8110 4308
5021 4305
0613 4304
1591 4303
5102 4301
5110 4300
4110 4295
2809 4294
0530 4290
0226 4287
1525 4283
2071 4282
8000 4281
0592 4280
4128 4279
0986 4277
2188 4274
8012 4268
1084 4268
0491 4268
7878 4267
5051 4265
0724 4264
0427 4262
0518 4257
0430 4253
2099 4250
1456 4249
0615 4246
4021 4243
1248 4242
0528 4242
4010 4241
2230 4241
1294 4240
5128 4238
2189 4236
0140 4235
0078 4233
1133 4229
1298 4216
1195 4210
8899 4209
1282 4207
9898 4206
5118 4200
0524 4200
7112 4194
0193 4194
2907 4193
0531 4193
0516 4188
8120 4187
5122 4187
2038 4187
2255 4186
0526 4186
0014 4186
6111 4180
1279 4178
0331 4178
2220 4173
2538 4172
0930 4172
0586 4169
1254 4164
2289 4163
0629 4163
5020 4161
0992 4160
6010 4151
8123 4150
9002 4147
3081 4145
1888 4141
3088 4140
3090 4138
1325 4136
4119 4135
0180 4131
9103 4130
2092 4126
1182 4125
3009 4119
0168 4113
0090 4109
4512 4108
1184 4108
0091 4107
0327 4093
0786 4092
5012 4090
0529 4090
0827 4089
9100 4084
0792 4084
4122 4082
4118 4082
9931 4080
0715 4079
5245 4078
1240 4075
5060 4071
3050 4070
3041 4068
2908 4065
9910 4060
8128 4060
0517 4060
2709 4057
1299 4056
0713 4056
9118 4053
2191 4049
1042 4048
1194 4047
2251 4045
2113 4045
1083 4042
6120 4040
7171 4036
3113 4035
0492 4032
0718 4030
0728 4029
0328 4028
0069 4026
1346 4023
0048 4022
2059 4020
2486 4019
0003 4019
3051 4016
0729 4016
0098 4015
1241 4013
7118 4010
2609 4010
2356 4006
4041 4001
0726 4000
8911 3998
7788 3998
0329 3995
1283 3991
8021 3989
9091 3986
2070 3985
0072 3982
3852 3981
8745 3979
0052 3977
1620 3971
8109 3970
2218 3968
9098 3965
2052 3961
1718 3960
9122 3959
1435 3958
0251 3958
1178 3957
4568 3956
2587 3956
2145 3955
0392 3955
3089 3954
2231 3954
2079 3953
0429 3953
0527 3952
1421 3950
9219 3944
0900 3944
0028 3941
5108 3940
2032 3940
0181 3940
0042 3939
2224 3937
0058 3937
0887 3936
3109 3934
9128 3930
0195 3930
0785 3929
0025 3929
2049 3923
1295 3922
0686 3921
6161 3920
2320 3920
0617 3919
0038 3916
1256 3913
6119 3910
4000 3907
2124 3906
7123 3904
8741 3903
2025 3902
7119 3901
1141 3901
2358 3900
9210 3898
6118 3896
0693 3895
3061 3893
9196 3892
0487 3890
1095 3889
3143 3886
2180 3881
3098 3878
1720 3878
1033 3878
1072 3876
1179 3873
0627 3873
2196 3872
0185 3872
2518 3871
1900 3869
0985 3866
4011 3865
6112 3863
6262 3862
5031 3862
2039 3862
1821 3862
2147 3860
1269 3860
0386 3859
6110 3857
1062 3855
0068 3852
5296 3851
1331 3849
0230 3849
3445 3843
6102 3842
2221 3836
8901 3833
0593 3833
2333 3829
9881 3822
9512 3820
1151 3819
2151 3817
2250 3815
0585 3814
3412 3812
0194 3805
2082 3804
0182 3793
7110 3792
2290 3792
6100 3789
2514 3786
1323 3780
0886 3777
0993 3776
8081 3773
0829 3773
3216 3770
2963 3770
2500 3769
3080 3767
4129 3764
1959 3763
8787 3762
9192 3758
0893 3758
0294 3755
0150 3755
5030 3753
0186 3753
6061 3751
1452 3751
0716 3751
2584 3750
0730 3749
1598 3748
3129 3747
9208 3744
8712 3744
5412 3739
0039 3736
7100 3734
1268 3734
5040 3729
4051 3729
3071 3729
9941 3726
1177 3723
0082 3723
1925 3719
0029 3714
8020 3713
8088 3712
1400 3712
9920 3710
3221 3707
0731 3703
6128 3701
0015 3700
9890 3698
8122 3692
7120 3691
1596 3688
2148 3686
0005 3686
0062 3684
4109 3680
5478 3679
4563 3679
2588 3678
5210 3672
9800 3668
2258 3665
1270 3664
4012 3662
5632 3660
2513 3660
1416 3659
7102 3657
1800 3657
1132 3655
8282 3654
9003 3653
5058 3652
8811 3650
1037 3648
5001 3645
0231 3645
2228 3643
0486 3643
7010 3641
2990 3639
3060 3637
0017 3635
0006 3634
1592 3632
8129 3631
2539 3630
5129 3625
2127 3618
2181 3616
1259 3616
5109 3609
8051 3598
3212 3596
0023 3593
2457 3592
9099 3591
6021 3591
0009 3591
9870 3590
0059 3584
1753 3580
0385 3579
3125 3578
1260 3577
6020 3576
2150 3576
0160 3575
9129 3573
2142 3573
0295 3569
2515 3568
4578 3567
8019 3564
6011 3562
2420 3559
7410 3558
2023 3558
4151 3554
4031 3554
9292 3553
7000 3553
8098 3552
3213 3552
1625 3552
0049 3551
1183 3550
8521 3549
2291 3549
0685 3549
9205 3548
3099 3548
2165 3547
0089 3546
9031 3545
5061 3545
4569 3545
7272 3544
6108 3543
7128 3540
5041 3540
7108 3538
3467 3535
1690 3535
1617 3532
0250 3531
3038 3529
8030 3528
3636 3525
2278 3525
3018 3523
2225 3522
8812 3521
0298 3521
2014 3520
2517 3518
1271 3518
6122 3515
2232 3515
1521 3513
2280 3512
9019 3509
9051 3508
2178 3506
0793 3502
6565 3498
1599 3498
3092 3493
0179 3493
4125 3488
4048 3485
7011 3484
7021 3483
5251 3483
1654 3482
4061 3479
7456 3477
1249 3475
3058 3470
9081 3469
2314 3469
9211 3467
7071 3467
1958 3462
5081 3461
0008 3460
5683 3457
8210 3455
1138 3455
4030 3454
4556 3452
3525 3449
1600 3447
1789 3444
0092 3444
9880 3443
3078 3443
1261 3443
2242 3442
2126 3442
4081 3441
7080 3439
6000 3437
0842 3437
0270 3432
8091 3431
1956 3431
0178 3431
0277 3430
3322 3426
9106 3425
0229 3423
6012 3422
2516 3417
9105 3416
3258 3415
5212 3414
1077 3410
3068 3409
7122 3408
5099 3404
2062 3404
4060 3402
0148 3402
7895 3396
9203 3395
9009 3394
1140 3394
2499 3392
0299 3392
1296 3391
0169 3389
8585 3388
1825 3388
9107 3387
6699 3387
0694 3386
3951 3385
3032 3385
2229 3384
1623 3384
0485 3384
0493 3383
9071 3380
9851 3379
5091 3378
1171 3377
0885 3375
9092 3372
2160 3372
0162 3371
2389 3368
8090 3366
8919 3362
0784 3357
9912 3356
4314 3354
6031 3353
1144 3352
9841 3349
9104 3349
6030 3349
0016 3349
5321 3348
0394 3348
9861 3347
0033 3346
8041 3345
3039 3345
0171 3345
1170 3344
9020 3342
0132 3342
2541 3338
2024 3338
1488 3338
0079 3338
2158 3337
0138 3335
8512 3334
7081 3334
6041 3331
2169 3331
1928 3329
1315 3329
2168 3328
0004 3328
5395 3327
0161 3326
2318 3325
9182 3324
0795 3323
4210 3322
1160 3322
5098 3321
2281 3317
9988 3315
9201 3315
9041 3315
2299 3309
0177 3309
6129 3307
8050 3298
7539 3298
2344 3298
8031 3296
2161 3296
2248 3295
0241 3295
6109 3294
8612 3293
0284 3292
0184 3292
3028 3283
5088 3281
1590 3278
0142 3278
2213 3276
0141 3276
8099 3274
9204 3273
8061 3268
6325 3267
7020 3263
6547 3263
7012 3262
0232 3259
6068 3258
4022 3256
8028 3255
2326 3255
2159 3253
1423 3251
3022 3250
0984 3250
6051 3248
2072 3248
4679 3247
4098 3245
2315 3244
1523 3244
7031 3243
2187 3237
1318 3237
9061 3236
5175 3236
3434 3235
0594 3235
0484 3234
4091 3230
6050 3229
1169 3229
3219 3228
2117 3228
7078 3224
2182 3224
0183 3224
4080 3221
9517 3217
5032 3217
1369 3217
2552 3214
8900 3213
1921 3213
1096 3213
0494 3212
0238 3210
2240 3209
8711 3208
1155 3207
0165 3205
6081 3203
5080 3203
2241 3203
0159 3203
8810 3202
9080 3201
4058 3200
2292 3199
7129 3198
5019 3198
3069 3198
3052 3197
1159 3197
0584 3197
9206 3195
4071 3191
8092 3190
8710 3189
4068 3189
5068 3187
6070 3186
2581 3185
2192 3185
0172 3185
0794 3184
2214 3183
2346 3180
4028 3179
0024 3176
7051 3175
3048 3174
7109 3171
5963 3171
2149 3169
1422 3169
2488 3168
8018 3167
2277 3166
1957 3166
5071 3165
3029 3163
0151 3163
6040 3157
1524 3157
1424 3156
1277 3156
1489 3153
3132 3152
4201 3151
8310 3150
8412 3149
0994 3147
1242 3146
3082 3145
8611 3144
2138 3144
1721 3142
1471 3140
2287 3138
0285 3138
5059 3137
5052 3136
2087 3136
2891 3134
4520 3133
1955 3133
2015 3132
3231 3131
2426 3127
6091 3125
8719 3123
2820 3120
1161 3120
9194 3118
8311 3115
5022 3115
1891 3115
9638 3114
4099 3113
0684 3111
1725 3110
8510 3109
8022 3108
2789 3106
1430 3105
0395 3104
8071 3102
6071 3102
5312 3102
1379 3099
9922 3097
4019 3093
6385 3092
2625 3092
2388 3091
8511 3090
5069 3089
7041 3086
9207 3085
4078 3084
2391 3084
1158 3083
0980 3083
0174 3080
4566 3079
3300 3078
2400 3078
1589 3078
2152 3076
2170 3074
2134 3074
1255 3074
9159 3073
2331 3073
8001 3069
5645 3069
5522 3069
5090 3064
5300 3062
5262 3062
2313 3062
9060 3061
0384 3061
0143 3061
2179 3060
9030 3059
1618 3059
2825 3055
2342 3054
8029 3053
5078 3053
3059 3053
8060 3052
0246 3052
5556 3050
0242 3050
4088 3049
1922 3049
3311 3046
3220 3046
7091 3044
5028 3044
4070 3044
7088 3043
4221 3043
0170 3043
3190 3041
2238 3039
0145 3038
9004 3037
6098 3037
0595 3036
6069 3033
2322 3033
1526 3033
3079 3032
3251 3031
1892 3030
8686 3028
9058 3025
3070 3023
4029 3021
8040 3020
1322 3017
0995 3017
6019 3013
7098 3010
1688 3008
6456 3007
3127 3007
9195 3006
5089 3006
5858 3005
1522 3005
8527 3004
2585 3004
4352 3003
3062 3003
2421 3003
9215 3002
3366 3001
1316 3000
8619 2999
4564 2999
2171 2999
1691 2999
7030 2998
8219 2997
2114 2997
4049 2996
7531 2995
3145 2995
1097 2995
3159 2994
3049 2994
1890 2994
1689 2994
8312 2992
5018 2990
4196 2989
1053 2989
8246 2988
2139 2985
9050 2984
2890 2983
2279 2983
2489 2980
0383 2980
0296 2980
6090 2979
9214 2977
8089 2977
0880 2977
3201 2976
0297 2975
7050 2973
6078 2973
8965 2972
7040 2972
9860 2968
6080 2967
1045 2967
5211 2966
1152 2965
8070 2964
0275 2964
2268 2963
2620 2962
8701 2960
8909 2959
2688 2958
2627 2958
5250 2956
6363 2955
9089 2953
2234 2953
1518 2953
8456 2951
0884 2951
0278 2951
4251 2950
1923 2950
9930 2949
6196 2949
4089 2949
5048 2947
2260 2947
6018 2946
2582 2945
0282 2945
1168 2944
8319 2942
3117 2941
0135 2941
9258 2940
2027 2940
1475 2940
0983 2940
2684 2939
1621 2939
7530 2937
8411 2936
9068 2935
1700 2930
5220 2929
4042 2929
2195 2927
8819 2926
3025 2926
8610 2925
8519 2925
3310 2924
5029 2923
2586 2923
0695 2923
9007 2922
2269 2922
1036 2921
1035 2921
0158 2921
1390 2920
6541 2919
5038 2919
1436 2915
1491 2914
2115 2912
1391 2911
6088 2910
4018 2910
3130 2906
1490 2905
0139 2904
8808 2902
2390 2902
5309 2900
5221 2899
1822 2898
9919 2895
7061 2895
1824 2894
9005 2891
2540 2890
0982 2889
4090 2888
8410 2887
2423 2884
8058 2883
9040 2882
2017 2882
1345 2882
5070 2877
9018 2876
5315 2876
1588 2876
3230 2875
1388 2875
2991 2874
2920 2874
1297 2871
9008 2870
5161 2870
7019 2865
5789 2865
2550 2865
1330 2865
8419 2863
1514 2858
9282 2857
8048 2856
0077 2856
1142 2855
9078 2854
2282 2854
8908 2850
5241 2850
9283 2849
9193 2849
4069 2849
2591 2848
2551 2848
9220 2847
0152 2847
0382 2846
9312 2845
9088 2845
1492 2845
9789 2844
3042 2844
0863 2842
0240 2842
1823 2841
0882 2841
2143 2840
1148 2840
4211 2839
8500 2838
2270 2838
0781 2837
9216 2836
5231 2836
2085 2836
0134 2836
4204 2835
9311 2834
1953 2833
6099 2832
1417 2832
5665 2831
2888 2831
5214 2828
1881 2828
8211 2827
8132 2827
0495 2827
5232 2826
4052 2825
2691 2824
0582 2823
8212 2822
7899 2820
6058 2820
6089 2819
5039 2819
5131 2818
4059 2818
2215 2817
7089 2816
0583 2816
7007 2814
3319 2813
2261 2813
3002 2812
9850 2810
6028 2809
1389 2809
0683 2809
8068 2808
4001 2808
8907 2807
8069 2805
2889 2805
0696 2805
6677 2804
2026 2804
1418 2803
5544 2802
0163 2802
1247 2801
1149 2801
4212 2800
1793 2799
0167 2798
2490 2797
2415 2797
4039 2796
8789 2795
3250 2795
1951 2795
4152 2794
2465 2794
1272 2794
2116 2791
1622 2790
0783 2790
5062 2787
3535 2786
0166 2786
0535 2785
3151 2782
1413 2780
9069 2779
2491 2779
1057 2777
2286 2776
7210 2775
3188 2774
2249 2773
8042 2771
2720 2771
9006 2770
2689 2770
5049 2769
1134 2769
8675 2767
2239 2767
0239 2767
2298 2766
8103 2765
7028 2765
8902 2762
6210 2759
2741 2759
1326 2759
0026 2755
1034 2754
7099 2752
6048 2752
5623 2751
1530 2750
4032 2749
5042 2748
4038 2748
1929 2747
5896 2745
1047 2745
6251 2741
5225 2741
9213 2740
8082 2740
3455 2739
2392 2739
2385 2739
0175 2738
0782 2736
2590 2735
2316 2734
3215 2729
5813 2728
0027 2728
1243 2727
7058 2726
2690 2726
1055 2726
0981 2726
6062 2725
4131 2725
2487 2725
1262 2724
0682 2723
1723 2722
5353 2720
7048 2718
2725 2718
3124 2717
1954 2716
9619 2715
1828 2714
8978 2713
1246 2713
5666 2712
0777 2712
2271 2710
9052 2708
1950 2705
5987 2704
1317 2703
1517 2702
2791 2701
7018 2700
4241 2700
9038 2699
2327 2699
0164 2699
2882 2697
1791 2697
3242 2696
9062 2695
8078 2694
0268 2694
8049 2692
2989 2692
3241 2691
5301 2690
5219 2688
2343 2688
0532 2688
2427 2687
2285 2687
1453 2687
0283 2687
2600 2685
3191 2684
1428 2684
8706 2682
7897 2680
6038 2680
7060 2679
4560 2679
2259 2679
1257 2679
8705 2677
1587 2676
0176 2676
0482 2675
7090 2674
2992 2674
9902 2672
8426 2672
3133 2672
2788 2672
8484 2671
1722 2670
8503 2669
2900 2668
4219 2665
3072 2665
8002 2664
2428 2664
8038 2663
5230 2662
3196 2661
9801 2660
1788 2660
1437 2660
4747 2658
9059 2657
0480 2657
8059 2656
0580 2656
8903 2655
1889 2654
2086 2653
5242 2652
1952 2652
7079 2650
5130 2650
1790 2648
1172 2648
6022 2647
3581 2647
8251 2646
8201 2646
2387 2646
2829 2645
2728 2645
2422 2644
7889 2643
4062 2643
2492 2643
7419 2642
6049 2642
3150 2642
5698 2641
0133 2640
4220 2639
2340 2639
6032 2638
2330 2636
2083 2636
9821 2635
8501 2635
1551 2635
1513 2634
4466 2633
5141 2632
5079 2632
2185 2632
0136 2631
6059 2630
2186 2630
1139 2629
9966 2626
9032 2626
3312 2626
9048 2622
0274 2621
0260 2621
3571 2620
1594 2620
1487 2620
0780 2620
5125 2619
2925 2619
1056 2619
9940 2618
9301 2618
4079 2618
0883 2618
0261 2617
2133 2616
0999 2615
9654 2614
9209 2613
8505 2613
4312 2612
3013 2612
2317 2612
3140 2611
1827 2611
0149 2611
4300 2610
8905 2609
4521 2609
4343 2609
2481 2608
1392 2608
0581 2608
5263 2607
2393 2607
0259 2606
5002 2605
3104 2603
9070 2599
2800 2599
8032 2598
5995 2598
8998 2596
4411 2596
2988 2596
1626 2596
7038 2595
1486 2592
8601 2591
4143 2591
2700 2591
7029 2590
5202 2589
2266 2589
5152 2587
1075 2586
1531 2585
9310 2584
9811 2583
2328 2583
2482 2582
0483 2582
1066 2581
1924 2580
8052 2579
2435 2579
1276 2579
9412 2576
3142 2576
8320 2575
4711 2575
4140 2575
1914 2575
1136 2575
5082 2574
9039 2573
0279 2572
9519 2571
5310 2566
2790 2566
4142 2565
9872 2564
5140 2564
1073 2564
0248 2564
1135 2563
8951 2561
8451 2561
6042 2561
2892 2561
2217 2561
2216 2561
2016 2561
1479 2560
5092 2559
8522 2558
8220 2558
8079 2558
2546 2558
2413 2558
9022 2557
2442 2557
9810 2556
8801 2556
4082 2556
1728 2556
9319 2555
0796 2555
0153 2554
4646 2553
9820 2552
1275 2552
5689 2551
8606 2550
6029 2550
2431 2550
9251 2548
9028 2548
6039 2548
1441 2547
0269 2546
6230 2545
2414 2543
1352 2542
4565 2540
7059 2537
2162 2533
4202 2532
2262 2532
0432 2530
8400 2529
4801 2529
2485 2529
1451 2529
8999 2525
5845 2525
4231 2525
1043 2525
0055 2525
5222 2524
4613 2524
0245 2524
6001 2521
2354 2521
7072 2519
5162 2519
2398 2518
1624 2518
8196 2517
3301 2517
8039 2516
5588 2516
0481 2515
7068 2514
0233 2513
9049 2512
7219 2511
2484 2511
9082 2510
7474 2509
6669 2508
2692 2508
1387 2508
9510 2507
3218 2507
5274 2506
9511 2505
6753 2505
4554 2505
0881 2505
8404 2504
6985 2503
1426 2503
4159 2501
1067 2500
0666 2500
9185 2499
0536 2498
5685 2497
5311 2496
9419 2495
8383 2495
2787 2494
2384 2494
3189 2492
2033 2492
2902 2491
8806 2490
2446 2490
0555 2490
2386 2489
0271 2488
7319 2486
3233 2486
8904 2485
6079 2485
1692 2483
3355 2481
2093 2481
1054 2481
8300 2480
2227 2480
1046 2480
8502 2479
5319 2479
1485 2478
0155 2477
6852 2476
5519 2476
9184 2474
5115 2474
3114 2473
4092 2472
7049 2471
6052 2471
2284 2471
2254 2470
2154 2469
2592 2467
2329 2467
8605 2466
3202 2464
4103 2463
2987 2462
8906 2461
8800 2461
7022 2461
3181 2461
8258 2460
5196 2460
2362 2459
4230 2458
7898 2457
3160 2457
5132 2456
9961 2455
8707 2455
0273 2455
0066 2455
3240 2453
2293 2453
4562 2452
1681 2452
1385 2452
8062 2451
5512 2449
4072 2449
9217 2448
7069 2447
1913 2447
9072 2446
4525 2446
4161 2446
2792 2446
0533 2446
9932 2445
3451 2445
1792 2445
6300 2444
0680 2444
7039 2443
6082 2443
4268 2443
3115 2443
0173 2443
3106 2442
2177 2442
4862 2439
2146 2439
1263 2438
1771 2437
8604 2436
8401 2433
3223 2432
0456 2432
2357 2431
2236 2431
9840 2429
1267 2429
8008 2428
6248 2428
8802 2427
7032 2427
6092 2426
1787 2426
1145 2426
8708 2424
3180 2423
1727 2423
8462 2422
1579 2421
1328 2419
0538 2419
8508 2418
6619 2418
1063 2418
7211 2416
2355 2416
2077 2416
0537 2416
5240 2415
1175 2415
9029 2414
8188 2414
3152 2414
1945 2414
2776 2413
4150 2412
2235 2412
2135 2412
7719 2411
2193 2411
7532 2410
9831 2408
7113 2408
4523 2408
2545 2408
3245 2407
2136 2407
1427 2407
0681 2407
8877 2406
2416 2406
2881 2404
4848 2403
0137 2403
9183 2402
8703 2402
2451 2402
8807 2401
1687 2401
1147 2401
6220 2400
4240 2400
4114 2398
4130 2397
4113 2396
2547 2396
2272 2396
4682 2395
0552 2394
0234 2394
4500 2392
0034 2392
8809 2391
1470 2391
2930 2390
1714 2390
8402 2389
1381 2389
6219 2388
3116 2388
1166 2388
1351 2387
8321 2386
1244 2386
4206 2385
2686 2385
0237 2385
0035 2385
5213 2384
1327 2384
5072 2383
2226 2383
3161 2381
1076 2381
9892 2380
5258 2380
1386 2380
9042 2379
4422 2379
8301 2378
8805 2376
7082 2376
5525 2376
2351 2376
2352 2375
9218 2374
5500 2374
3014 2374
1715 2374
5456 2373
3225 2371
2245 2371
1433 2371
8704 2369
8151 2369
1685 2369
9130 2367
0154 2367
7911 2365
0596 2365
7042 2364
2548 2364
1686 2364
1393 2363
9131 2361
8525 2361
1176 2361
5757 2360
0496 2360
0236 2359
2172 2358
8709 2357
4412 2356
1477 2356
7062 2355
7052 2355
2628 2355
2381 2355
1595 2355
5421 2352
8956 2351
5915 2351
1887 2351
9221 2350
1265 2350
4432 2349
5511 2348
2542 2348
9079 2347
8202 2346
1585 2346
1829 2345
1074 2345
1143 2344
8072 2343
6131 2343
5302 2342
0543 2342
3234 2341
9812 2340
6654 2340
5619 2340
1162 2340
7979 2339
1693 2339
1382 2339
6655 2337
0778 2337
0235 2336
1586 2335
1542 2334
3692 2333
0045 2333
9187 2332
2887 2332
1532 2332
0254 2332
5280 2331
5113 2331
5260 2330
5282 2329
0244 2328
1341 2327
1274 2327
6688 2326
1266 2326
1137 2326
0256 2326
8702 2324
0272 2324
0144 2324
8113 2323
7575 2323
8405 2322
3261 2322
9950 2321
6633 2321
2569 2321
1581 2321
3023 2320
1529 2320
6464 2319
3126 2318
1450 2318
1329 2318
9862 2317
9287 2317
8180 2317
2295 2315
0257 2315
9942 2314
9700 2314
2184 2314
7117 2313
2418 2313
2144 2313
8600 2312
8250 2312
7181 2312
0445 2312
0262 2312
5272 2311
3425 2311
6201 2310
0678 2310
5521 2309
7092 2308
5791 2308
0247 2308
3087 2305
9300 2303
2621 2303
0156 2303
9230 2302
4311 2302
1273 2302
8504 2301
5599 2301
9308 2300
2623 2300
1724 2300
2383 2299
1332 2299
8608 2298
8218 2298
1882 2298
0044 2298
4511 2296
2685 2296
2157 2296
3248 2295
2097 2295
4811 2293
0043 2293
3148 2292
2893 2292
2687 2292
1927 2292
8624 2291
7001 2291
6231 2291
9987 2289
8025 2289
1481 2288
8753 2287
5142 2287
3222 2287
3033 2287
4987 2286
1065 2286
8159 2284
8720 2283
4250 2283
2622 2282
7913 2280
6258 2280
5261 2280
3147 2280
0996 2278
0036 2278
2283 2277
8130 2276
6171 2276
1628 2276
2662 2275
9875 2274
2380 2274
8990 2273
5181 2273
0243 2273
3170 2272
8221 2271
2417 2271
1931 2271
1786 2271
8700 2270
8228 2270
5103 2270
8509 2269
6221 2269
4124 2268
2183 2268
8620 2267
5322 2267
6925 2265
3443 2265
3313 2265
9228 2264
8803 2262
8147 2262
8107 2262
4160 2261
1044 2261
8160 2260
6996 2260
9186 2259
6999 2259
2629 2258
4612 2257
4232 2257
3262 2257
1926 2257
0249 2257
7221 2255
6549 2255
2084 2255
4456 2254
2631 2254
1484 2253
3015 2252
8602 2251
5369 2251
2822 2251
1893 2251
9410 2250
8889 2250
7251 2250
0433 2250
0255 2250
0146 2250
9888 2248
8408 2248
2256 2248
5005 2247
8013 2246
6868 2245
3578 2245
9190 2244
1480 2244
4488 2243
2593 2243
2194 2243
2821 2242
2563 2241
1930 2241
1871 2241
1469 2241
9830 2240
7220 2239
6767 2239
1826 2238
5218 2237
8095 2236
8140 2235
3260 2235
1716 2235
1527 2235
8506 2234
6212 2233
2382 2233
8603 2232
2137 2232
0546 2232
2067 2231
8208 2230
5498 2230
5190 2230
1528 2230
0157 2229
2156 2228
9302 2227
5135 2227
1156 2227
8420 2226
4510 2226
2429 2226
0333 2226
9113 2225
4301 2225
3192 2225
1684 2225
0342 2225
8141 2224
4712 2224
1916 2224
0053 2224
4519 2222
0978 2221
9141 2220
2394 2220
8125 2219
7799 2218
2430 2218
8526 2217
9411 2216
2247 2215
6600 2214
7196 2213
2785 2213
1918 2212
0037 2212
9595 2211
8318 2211
5013 2211
8003 2210
6900 2210
2361 2210
2480 2209
1631 2209
0056 2209
2493 2208
1713 2208
5292 2207
8678 2205
3162 2205
1814 2203
1333 2203
7212 2202
1682 2202
0779 2202
6130 2201
4990 2201
2721 2201
9229 2199
4911 2199
6250 2198
2813 2198
2630 2198
9899 2197
3323 2197
9882 2195
8721 2195
4261 2195
2353 2195
2246 2195
4812 2194
4171 2194
2478 2193
2055 2193
5290 2192
1167 2192
1831 2191
1361 2191
8182 2190
4680 2190
3700 2190
1613 2190
2615 2189
0775 2189
8406 2188
1582 2188
5281 2187
3238 2187
0442 2187
3691 2186
1615 2185
2693 2184
0047 2184
1384 2183
0057 2183
3444 2182
3182 2182
2558 2182
1781 2182
8171 2180
5208 2180
3171 2180
2399 2180
2294 2180
1661 2180
1482 2180
4243 2179
1614 2179
1342 2178
1154 2178
3281 2177
1785 2177
0452 2177
3519 2176
1157 2176
7676 2175
2047 2175
4127 2174
0381 2174
5990 2173
0544 2173
9303 2172
4501 2172
6211 2171
2885 2171
2243 2171
8804 2170
1741 2170
4310 2169
2379 2168
7845 2167
2057 2167
5625 2166
1830 2166
4236 2165
3158 2165
1949 2165
9990 2164
5362 2163
8004 2162
6191 2162
5246 2162
5180 2162
3228 2162
0534 2162
5342 2161
2722 2161
5117 2160
1550 2160
1153 2160
9150 2159
5171 2159
2814 2159
7711 2158
4148 2158
0380 2158
2452 2157
7300 2156
9117 2155
6072 2154
1473 2154
9887 2153
8756 2153
4262 2153
3017 2153
2624 2152
2063 2152
2045 2152
1884 2152
1782 2152
1493 2152
1350 2152
4224 2151
4162 2151
1680 2151
8131 2150
5191 2150
2377 2150
1541 2150
9802 2149
8191 2149
7201 2149
3666 2149
2432 2149
1264 2149
1174 2149
4258 2148
2155 2148
1731 2147
1630 2147
9822 2146
8822 2146
3524 2146
0599 2146
6260 2145
2883 2145
2037 2145
2350 2143
0699 2143
9162 2142
8778 2142
7919 2142
5182 2141
2461 2141
8586 2140
8105 2140
0396 2140
4714 2139
2682 2137
0979 2137
5160 2136
2986 2136
2613 2136
6288 2135
9842 2134
8722 2134
1580 2134
2396 2133
0770 2133
4190 2132
3325 2132
1429 2132
4180 2131
2483 2131
9125 2130
2495 2130
0631 2130
4325 2129
6190 2128
9222 2127
3269 2127
2880 2127
4213 2126
4132 2126
9309 2125
0998 2125
9513 2124
8168 2124
2886 2124
2469 2124
1815 2124
1458 2123
5790 2122
1885 2122
5271 2121
7147 2120
2549 2120
2395 2120
8190 2119
4280 2119
2455 2119
0772 2119
7819 2118
3290 2118
5255 2117
9952 2116
5600 2116
8607 2115
4248 2115
4107 2115
0797 2115
2784 2114
2073 2114
6140 2113
1360 2112
0554 2112
9115 2111
4117 2111
3619 2111
3235 2111
2993 2111
6312 2110
1726 2109
9401 2108
2681 2108
4269 2107
1915 2106
6151 2104
2053 2104
2578 2103
3419 2102
3254 2102
2066 2102
5400 2101
3457 2101
3168 2101
2543 2101
5654 2100
0087 2100
8161 2099
7159 2099
5533 2099
8409 2098
8209 2098
4228 2098
4214 2098
6241 2096
5124 2096
5003 2096
2985 2096
1880 2096
0073 2096
7321 2095
5299 2095
4555 2095
4002 2095
2036 2095
1784 2095
0799 2094
9420 2093
9151 2093
8915 2093
8754 2093
3625 2093
2167 2093
7519 2092
5004 2092
3178 2092
2153 2092
5107 2091
1813 2091
9250 2088
9158 2088
3345 2088
9298 2086
3280 2086
2035 2085
0545 2085
8588 2084
2257 2084
8230 2083
3500 2083
0660 2083
8302 2082
4701 2082
4611 2082
4531 2082
0542 2082
7131 2081
3239 2081
2565 2081
1937 2081
9293 2080
8507 2080
4400 2080
3246 2080
2366 2080
1941 2080
1397 2080
8718 2079
6232 2079
4168 2079
9231 2078
1948 2077
1455 2077
9223 2076
8248 2076
7170 2076
5959 2076
1678 2076
1627 2076
0431 2076
9600 2075
1886 2075
9933 2074
8322 2074
5248 2074
3268 2074
7900 2073
7141 2073
9991 2072
8403 2072
5464 2072
3179 2072
2614 2072
5667 2071
8609 2070
6280 2070
5352 2069
1946 2069
1883 2069
5577 2068
5291 2067
5155 2067
3400 2067
9832 2066
9305 2066
3432 2066
1730 2065
0550 2065
2786 2064
1495 2064
6912 2063
1394 2063
0567 2063
8625 2062
4145 2062
1584 2062
0352 2062
4433 2061
1679 2061
1632 2061
3138 2060
2454 2060
4218 2058
3195 2058
2433 2058
8170 2057
5215 2057
4901 2057
2729 2057
1561 2056
1534 2056
0679 2056
8985 2055
5800 2054
9152 2053
7536 2053
2595 2053
2336 2053
4170 2052
2448 2052
2363 2052
9161 2051
4419 2051
2237 2051
1560 2051
0370 2051
0063 2050
6103 2049
2781 2049
2349 2049
4181 2048
0744 2048
8952 2047
1440 2047
4126 2046
3693 2046
8621 2045
5159 2045
2275 2045
1371 2045
8288 2043
8106 2043
1555 2043
5515 2042
3136 2042
2555 2042
2276 2042
8127 2041
7812 2041
3208 2041
9140 2040
0083 2040
9127 2039
8192 2039
2579 2039
6661 2038
4208 2038
3512 2038
1875 2038
0067 2038
5325 2037
4610 2037
4410 2037
4265 2037
1629 2037
0752 2037
8920 2036
6919 2036
5228 2036
2846 2036
5551 2035
5192 2035
5158 2035
3187 2035
1917 2035
1578 2035
0096 2035
8115 2034
1777 2034
1583 2034
1377 2034
9791 2033
9168 2033
8788 2033
7789 2033
3399 2033
2654 2033
1380 2033
0054 2032
4477 2031
6141 2030
4215 2030
2815 2029
8421 2028
5127 2028
4260 2028
2818 2028
2166 2027
1395 2027
9278 2026
8009 2026
5270 2026
4249 2026
8158 2025
6240 2025
1942 2025
5023 2024
2632 2023
9501 2021
5170 2021
4004 2021
3334 2021
9181 2020
8126 2020
8104 2020
7230 2020
5520 2020
4810 2019
2921 2019
2594 2019
0562 2018
8798 2017
5711 2017
2830 2017
5015 2016
2782 2016
1729 2016
8231 2015
6160 2015
2347 2015
8666 2014
7190 2014
7140 2014
3083 2014
8117 2013
5332 2012
5195 2012
4322 2012
4281 2012
0677 2011
5874 2010
0369 2010
6512 2009
3016 2009
1340 2008
0753 2008
0355 2008
2477 2007
9263 2006
5229 2006
2043 2005
0345 2005
4452 2004
2494 2004
9500 2003
1355 2003
0741 2003
9960 2002
9711 2002
8914 2002
5825 2002
3217 2002
2831 2002
9321 2001
8007 2001
5885 2001
8138 2000
5445 2000
2567 2000
2434 2000
1899 2000
4421 1999
2348 1999
2056 1999
8241 1998
4013 1998
3308 1998
3270 1998
0977 1998
0065 1998
9180 1997
7150 1997
9955 1996
8005 1996
3303 1996
2793 1996
1651 1996
0332 1996
8528 1995
6234 1995
3838 1995
1499 1995
5419 1994
2034 1994
1383 1994
9299 1993
8564 1993
5414 1993
5223 1993
3521 1993
1483 1993
0267 1993
9797 1992
4821 1992
8918 1991
0097 1991
2714 1990
3318 1989
5420 1988
3256 1988
0650 1988
7172 1987
6519 1987
5345 1987
1694 1987
1559 1987
2274 1986
4815 1985
9268 1984
7310 1984
5501 1984
3600 1984
3278 1984
3172 1984
2884 1984
2436 1984
8916 1983
8124 1983
5256 1983
9160 1982
8732 1982
8415 1981
2852 1981
8388 1980
4621 1980
2879 1980
2163 1980
4324 1979
3332 1979
3093 1979
1683 1979
9225 1978
7411 1978
7231 1978
5425 1978
2441 1978
3420 1977
0046 1977
6261 1976
3990 1976
2678 1976
2296 1976
8414 1975
8303 1975
2895 1975
0556 1975
2566 1974
1173 1973
9819 1972
8777 1972
4332 1972
2479 1972
8407 1971
9612 1970
9402 1970
5452 1970
5320 1970
5205 1970
9289 1968
8855 1968
3243 1968
1571 1968
1366 1968
2562 1967
0931 1967
1816 1966
2599 1965
2297 1965
1540 1965
1494 1965
2772 1964
1064 1964
9284 1963
6786 1963
5145 1963
4158 1963
1454 1962
1354 1962
0970 1962
9393 1961
8023 1961
7151 1961
6622 1961
5510 1961
9291 1960
8654 1960
8569 1960
8148 1960
2360 1960
0774 1960
4546 1959
2471 1959
3027 1958
2445 1958
0697 1958
6263 1957
2335 1957
1894 1957
3737 1956
2894 1956
0955 1956
1552 1955
6117 1954
3669 1954
8622 1953
7700 1953
5523 1953
5259 1953
2267 1953
1895 1953
1459 1953
8323 1952
2898 1952
3209 1950
2466 1950
1356 1950
7311 1949
7250 1949
5679 1949
3288 1949
6301 1948
2065 1948
5288 1947
2730 1947
7766 1946
6319 1946
5278 1946
3624 1946
3421 1946
3271 1946
3036 1946
1438 1946
5819 1945
4115 1945
0776 1945
7990 1944
2938 1944
2577 1944
2561 1944
2046 1944
1932 1944
1460 1944
1378 1944
4522 1943
5462 1942
5431 1942
4144 1942
3331 1942
0743 1942
4514 1941
7619 1940
3568 1940
2544 1940
9262 1939
4420 1939
2878 1939
2683 1939
2075 1939
9093 1938
6159 1938
4178 1938
2731 1938
1947 1938
1940 1937
9520 1936
5324 1936
3454 1936
2694 1936
2472 1936
1335 1936
0732 1936
0363 1936
2723 1935
2571 1935
2636 1934
6936 1933
4169 1933
4149 1933
1146 1933
0478 1933
4601 1932
2618 1931
0654 1931
9169 1930
8325 1930
6150 1930
4319 1930
9306 1929
8281 1929
6500 1929
4526 1929
2931 1929
0579 1928
8308 1926
6181 1926
4105 1926
3229 1926
7373 1925
3612 1925
0651 1925
9630 1924
9232 1924
3224 1924
8991 1923
5926 1923
4222 1923
3369 1923
3302 1923
0798 1923
9461 1922
1461 1922
9400 1921
8766 1921
5426 1921
2823 1921
2364 1921
1535 1921
4445 1920
1817 1920
0661 1920
4290 1919
3719 1919
9290 1918
7280 1918
7127 1918
9701 1917
8280 1917
8240 1917
2568 1917
2265 1917
0742 1917
9963 1916
1536 1916
1442 1916
9132 1915
6182 1915
5203 1915
3153 1914
0266 1914
8178 1913
6180 1913
4245 1913
3465 1913
3177 1912
2074 1912
0450 1912
8687 1911
8541 1910
6113 1910
4910 1910
3085 1910
2982 1910
2816 1910
2463 1910
0698 1910
9909 1909
8596 1909
4800 1909
1878 1909
9611 1908
5105 1908
9170 1907
6272 1907
6268 1907
6228 1907
5148 1907
3137 1907
2556 1907
0632 1907
5410 1906
3546 1906
2359 1906
4721 1905
3699 1905
2780 1905
0479 1905
5543 1904
4600 1904
3520 1904
3053 1904
9171 1903
7130 1903
2450 1903
1363 1903
8688 1902
4104 1902
4023 1902
9178 1900
5423 1900
3203 1900
9404 1899
7946 1899
6311 1899
4288 1899
5268 1898
4271 1898
1474 1898
1358 1898
8514 1897
4589 1897
1872 1897
5055 1896
4912 1896
4401 1896
6612 1895
6002 1895
4502 1895
1669 1895
9741 1894
5642 1894
3164 1894
8116 1893
6189 1893
4710 1893
5465 1892
2370 1892
0652 1892
2462 1891
1944 1891
1399 1891
9405 1890
8595 1890
5455 1890
8016 1889
2263 1889
9013 1888
5126 1888
2871 1888
2464 1888
5919 1887
2922 1887
8150 1886
4515 1886
2474 1886
0932 1886
2645 1885
0578 1885
7202 1884
6281 1884
5289 1884
5238 1884
3026 1884
1569 1884
8913 1883
3163 1883
2617 1883
1879 1883
9304 1882
2984 1882
2564 1882
1562 1882
6218 1881
5411 1881
5363 1881
3377 1881
2596 1881
6238 1880
5366 1880
8513 1879
2371 1879
2095 1879
0655 1879
9369 1878
8488 1878
8450 1878
1794 1878
8142 1877
6202 1877
1778 1877
9610 1875
9307 1875
6138 1875
5621 1875
5209 1875
4320 1875
4209 1875
3146 1875
2096 1875
1851 1875
0498 1875
8555 1874
1164 1874
9320 1873
5234 1873
5188 1873
3423 1873
1362 1873
1165 1873
8730 1872
3135 1872
7910 1871
6242 1871
5719 1871
5139 1871
2726 1871
1666 1871
9719 1870
8921 1870
3149 1870
2783 1870
2643 1870
8203 1869
4323 1869
3336 1869
0670 1869
8767 1868
5269 1868
4229 1868
4191 1868
3134 1868
6213 1867
4543 1867
3510 1867
2899 1867
1696 1867
9238 1866
9188 1866
5017 1866
1545 1866
0378 1866
0085 1866
7180 1865
5172 1865
2460 1865
7778 1864
4719 1864
1337 1864
8587 1863
5335 1863
5007 1863
5006 1863
3411 1863
2598 1863
2467 1863
9502 1862
5545 1862
3236 1862
0665 1862
4003 1861
3266 1861
2717 1861
1695 1861
9505 1860
2635 1860
2616 1860
9179 1859
0477 1859
9631 1858
6290 1858
5513 1858
4313 1858
2696 1858
1933 1858
1772 1858
0566 1858
8413 1857
4043 1857
3536 1857
3291 1857
8988 1856
7002 1856
5025 1856
3987 1856
2374 1856
0997 1855
0379 1855
6990 1854
5239 1853
3173 1853
2980 1853
1773 1853
9889 1852
4689 1852
6611 1851
3410 1851
3314 1851
9114 1850
6269 1850
5033 1850
9138 1849
1832 1849
0975 1849
8139 1848
3169 1848
4334 1847
2981 1847
1447 1847
0667 1847
8417 1846
2175 1846
8238 1845
6911 1845
3077 1845
2695 1845
1770 1845
0360 1845
9116 1844
4238 1844
4189 1844
4182 1844
3255 1844
0951 1844
8599 1843
8314 1843
5318 1843
5233 1843
3690 1843
3259 1843
2824 1843
2699 1843
7228 1842
5138 1842
2914 1842
1699 1842
9925 1841
3567 1841
9971 1840
9913 1840
8923 1840
8820 1840
8655 1840
8232 1840
5674 1840
4532 1840
0435 1840
4256 1839
4234 1839
2375 1839
7218 1838
6521 1838
3156 1838
0093 1838
5715 1837
3086 1837
2652 1837
1671 1837
0663 1837
8922 1836
4005 1836
3326 1836
8852 1835
8418 1835
7951 1835
2837 1835
1795 1835
1533 1835
8925 1834
7867 1834
6719 1834
9731 1833
8315 1833
7312 1833
6310 1833
5565 1833
9288 1832
1359 1832
9879 1831
8515 1831
1577 1831
5116 1830
4619 1830
3154 1830
1396 1830
4551 1829
4254 1829
9124 1828
7800 1828
2713 1828
8222 1827
2817 1827
2475 1827
1445 1827
0577 1827
9239 1826
8723 1826
8551 1826
7103 1826
5611 1826
3299 1826
9281 1825
7271 1825
3452 1825
5422 1824
9015 1823
8917 1823
8546 1823
2044 1823
0334 1823
8623 1822
8135 1822
1779 1822
8485 1821
3264 1821
9998 1820
8642 1820
6132 1820
6116 1820
0264 1820
8561 1819
5622 1819
4188 1819
9781 1818
9248 1818
9240 1818
8298 1818
5652 1818
5249 1818
3919 1818
1662 1818
1163 1818
4425 1817
4116 1817
3139 1817
2994 1817
2877 1817
2826 1817
9494 1816
2795 1816
2496 1816
1650 1816
1466 1816
7465 1815
3939 1815
1798 1815
9514 1814
9269 1814
8465 1814
8114 1814
4025 1814
8006 1813
8097 1812
6278 1812
6125 1812
3289 1812
1783 1812
9142 1811
8532 1811
9403 1810
7534 1810
6523 1810
2554 1810
9962 1809
9189 1809
8791 1809
8014 1809
5143 1809
3450 1809
2633 1809
2440 1809
8652 1808
8552 1808
8332 1808
8027 1808
7182 1808
3024 1808
7132 1807
5554 1807
3388 1807
7177 1806
6162 1806
3426 1806
3167 1806
9903 1805
8149 1805
6891 1805
4270 1805
1349 1805
8542 1804
2453 1804
0864 1804
0497 1804
0076 1804
5900 1803
5891 1803
8725 1802
8440 1802
6412 1802
2443 1802
1334 1802
9249 1801
8179 1801
5114 1801
3315 1801
1457 1801
9164 1800
7755 1800
7222 1800
6170 1800
4106 1800
2444 1800
1563 1800
6545 1799
5106 1799
2680 1799
8891 1798
8731 1798
8545 1798
8374 1798
7400 1798
4302 1797
1556 1797
8618 1796
7232 1796
6222 1796
4225 1796
3309 1796
3155 1796
2273 1796
0747 1796
6942 1795
5178 1795
3298 1795
0434 1795
8309 1794
5326 1794
5189 1794
9272 1793
4195 1793
2094 1793
1936 1793
1642 1793
9771 1792
7500 1792
6419 1792
2915 1792
1548 1792
6192 1791
4007 1791
3204 1791
1543 1791
9260 1790
8761 1790
7240 1790
4033 1790
1364 1790
9246 1788
8776 1788
7722 1788
7288 1788
6188 1788
5351 1788
3320 1788
2368 1788
0676 1788
8565 1787
7107 1787
5441 1787
1554 1787
0377 1787
6226 1786
4139 1786
2742 1786
9279 1785
8475 1785
8333 1785
7188 1785
6819 1785
4289 1785
2651 1785
1841 1785
9155 1784
8799 1784
8717 1784
8169 1784
7888 1784
5424 1784
5168 1784
5149 1784
0397 1784
0075 1784
9163 1783
8172 1783
3183 1783
1634 1783
0746 1783
9790 1782
6425 1782
5505 1782
2458 1782
0563 1782
7125 1781
5532 1781
4203 1781
1873 1781
1570 1781
1546 1781
0662 1781
9877 1780
8584 1780
8189 1780
5712 1780
2983 1780
1641 1780
9261 1779
6239 1779
5217 1779
2794 1779
1775 1779
0656 1779
5323 1778
0671 1778
3633 1777
0597 1777
9873 1776
8562 1776
2076 1776
1677 1776
8331 1775
8229 1775
3185 1775
1575 1775
9097 1774
7161 1774
4900 1774
2771 1774
9270 1773
7227 1773
5620 1773
5331 1773
3330 1773
2923 1773
9601 1772
7712 1772
4949 1772
0963 1772
9977 1771
7077 1771
5802 1771
5053 1771
4625 1771
0669 1771
0351 1771
0350 1771
7811 1770
5265 1770
2724 1770
1564 1770
9165 1769
9017 1769
1567 1769
6532 1768
6229 1768
0565 1768
9286 1767
9241 1767
5355 1767
1780 1767
8651 1766
8317 1766
7191 1766
5610 1766
4414 1766
4356 1766
3637 1766
3341 1766
2498 1766
8452 1765
4819 1765
3511 1765
8589 1764
2637 1764
1640 1764
7291 1763
1896 1763
8582 1762
4259 1762
0674 1762
9666 1761
8713 1760
8299 1760
7512 1760
4223 1760
0664 1760
8399 1759
8384 1759
7142 1759
6107 1759
6013 1759
5814 1759
1659 1759
9173 1758
7160 1758
6644 1758
3186 1758
1776 1758
8774 1757
5852 1757
4192 1757
3282 1757
3193 1757
3249 1756
3157 1756
2916 1756
1874 1755
0771 1755
0547 1755
9226 1754
6270 1754
5700 1754
5601 1754
5552 1754
3166 1754
2174 1754
0460 1754
9521 1753
8987 1753
3645 1753
2872 1753
0474 1753
9406 1752
0499 1752
8995 1751
2779 1751
1898 1751
9710 1750
7241 1750
4255 1750
2597 1750
8760 1749
5298 1749
4207 1749
4172 1749
3501 1749
1498 1749
1353 1749
9126 1748
7148 1748
6800 1748
4919 1748
2669 1748
8425 1747
6006 1747
5433 1747
3265 1747
1939 1747
0950 1747
9016 1746
6126 1746
4552 1746
1496 1746
7301 1745
5153 1745
4278 1745
3414 1745
1870 1745
1799 1745
1444 1745
8316 1744
7290 1744
3226 1744
8662 1743
8290 1743
8143 1743
5224 1743
7912 1742
6127 1742
5354 1742
9878 1740
9242 1740
5341 1740
4138 1740
3424 1740
8207 1739
4156 1739
2553 1739
1698 1739
0399 1739
8530 1738
4700 1738
4014 1738
2367 1738
2064 1738
8260 1737
5614 1737
8305 1736
7278 1736
6208 1736
4244 1736
1877 1736
0635 1736
9224 1735
7600 1735
4015 1735
2641 1735
1670 1735
8955 1734
5014 1734
3227 1734
2777 1734
0933 1734
8685 1733
8157 1733
6333 1733
5104 1733
2176 1733
1566 1733
9780 1732
6525 1732
8825 1731
4205 1731
1347 1731
1344 1731
8571 1730
6542 1730
5541 1730
4513 1730
2575 1730
2054 1730
8225 1729
3513 1728
3063 1728
2164 1728
1636 1728
7985 1727
6824 1727
5169 1727
4542 1727
9148 1726
4654 1726
5631 1725
5264 1725
1462 1725
0557 1725
0353 1725
4235 1724
3610 1724
3279 1724
2770 1724
2718 1724
2648 1724
9166 1723
8481 1723
8714 1722
4424 1722
0976 1722
0675 1722
9280 1721
7178 1721
5524 1721
5314 1721
5308 1721
3263 1721
2897 1721
0598 1721
9135 1720
8313 1720
8205 1720
7281 1720
4308 1720
4077 1720
2698 1720
2679 1720
6254 1719
9981 1718
6610 1718
2995 1718
1398 1718
8696 1717
6271 1717
0971 1717
0451 1717
9503 1716
7810 1716
5792 1716
5285 1716
4216 1716
3611 1716
1372 1716
0551 1716
8324 1715
5661 1714
2861 1714
8482 1713
8249 1713
6298 1713
4354 1713
3515 1713
2497 1713
1751 1713
1463 1713
8742 1712
8691 1712
8653 1712
7223 1712
4753 1712
4402 1712
3205 1712
8613 1711
6245 1711
2896 1711
0773 1711
0633 1711
7707 1710
6291 1710
8213 1709
4331 1709
3441 1709
3084 1709
2560 1709
2470 1709
9154 1708
8015 1708
5643 1708
5279 1708
3194 1708
2870 1708
1876 1708
1850 1708
1468 1708
8550 1707
8154 1707
7013 1707
3247 1707
6299 1706
4921 1706
4423 1706
4263 1706
4147 1706
2999 1706
1861 1706
9156 1705
8581 1705
8580 1705
8261 1705
6798 1705
2373 1705
2372 1705
0972 1705
0634 1705
3045 1703
3037 1703
0745 1703
0074 1703
8715 1702
8416 1702
8195 1702
4541 1702
9803 1701
6259 1701
2671 1701
6195 1700
5243 1700
3819 1700
0095 1700
8692 1699
6400 1699
6152 1698
3663 1698
2642 1698
6546 1697
5646 1697
5333 1697
1840 1697
0672 1697
9227 1696
8239 1696
4623 1696
1643 1696
1375 1696
8270 1695
4620 1695
3545 1695
0440 1695
8242 1694
6667 1694
5912 1694
5216 1694
4774 1694
2376 1694
7260 1693
1549 1693
0064 1693
9856 1692
1565 1692
0575 1692
0356 1692
5377 1691
4163 1691
2715 1691
1544 1691
0343 1691
8531 1689
8461 1689
8351 1689
6520 1689
5147 1689
1645 1689
1365 1689
9712 1688
6556 1688
6320 1688
6223 1688
3144 1688
8326 1687
6168 1687
4685 1687
4017 1687
2476 1687
8466 1686
5542 1686
5227 1686
4299 1686
3621 1686
9147 1685
4291 1685
3900 1685
1860 1685
1633 1685
8206 1684
8026 1684
6282 1684
3165 1684
2666 1684
1465 1684
6178 1683
5624 1683
5179 1683
1574 1683
5401 1682
4363 1682
1652 1682
8145 1681
8093 1681
7115 1681
5442 1681
4315 1681
2918 1681
2653 1681
0960 1681
9145 1680
7710 1680
5812 1680
4404 1680
4282 1680
3207 1680
1439 1680
9720 1679
7238 1679
6266 1679
5651 1679
5468 1679
5235 1679
8818 1678
4524 1678
4345 1678
3206 1678
2716 1678
8665 1677
8626 1677
8306 1677
5415 1677
4136 1677
2913 1677
8307 1676
5313 1676
2874 1676
0740 1676
3800 1675
1842 1675
8926 1674
8486 1674
5662 1674
2951 1674
0564 1674
3825 1673
2928 1673
2926 1673
0086 1673
9992 1672
3272 1672
3184 1672
8162 1671
5463 1671
4622 1671
4505 1671
9914 1670
9153 1670
9023 1670
8572 1670
6842 1670
4279 1670
3601 1670
3555 1670
2875 1670
2264 1670
0366 1670
7139 1669
6812 1669
6158 1669
8377 1668
4298 1667
9259 1666
8752 1666
5879 1666
4239 1666
2827 1666
2650 1666
1539 1666
0553 1666
6554 1665
5658 1665
5535 1665
5156 1665
2677 1665
1370 1665
0263 1665
8790 1664
8262 1664
6169 1664
4227 1664
6106 1663
5567 1663
4652 1663
0448 1663
8291 1662
6289 1662
6148 1662
5671 1662
4506 1662
0733 1662
9691 1661
9313 1660
8669 1660
8668 1660
7771 1660
6625 1660
5531 1660
0956 1660
8784 1659
5043 1659
0966 1659
9633 1658
8480 1658
8224 1658
5451 1658
4179 1658
0276 1658
0265 1658
8422 1657
7270 1657
5303 1657
4454 1657
0398 1657
6279 1656
2778 1656
1343 1656
9929 1655
8795 1655
8328 1655
7414 1655
6225 1655
6003 1655
5951 1655
4047 1655
4027 1655
3175 1655
2869 1655
9905 1654
9515 1654
8516 1654
6336 1654
5361 1654
4632 1654
3553 1654
8661 1653
7213 1653
5385 1653
3422 1653
2663 1653
1797 1653
0470 1653
7426 1652
7242 1652
4233 1652
3459 1652
2848 1652
0673 1652
9915 1651
8382 1651
8024 1651
1796 1651
8693 1650
7268 1650
7248 1650
6420 1650
5641 1650
3316 1650
3244 1650
7229 1649
7192 1649
9989 1648
8378 1648
2745 1648
6778 1647
5655 1647
5365 1647
4736 1647
9669 1646
7189 1646
5330 1646
5009 1646
8684 1645
6813 1645
6115 1645
1368 1645
9924 1644
8033 1644
4413 1644
3458 1644
9167 1643
8153 1643
3324 1643
7158 1642
5514 1642
4720 1642
4326 1642
8017 1641
6352 1641
4024 1641
0336 1641
8392 1640
8268 1640
7744 1640
4053 1640
6023 1639
2661 1639
9408 1638
6945 1638
5820 1638
4822 1638
4272 1638
9506 1637
8750 1637
3631 1637
0658 1637
0335 1637
8575 1636
8330 1636
4756 1636
8563 1635
7733 1635
3551 1635
3043 1635
0969 1635
9172 1634
7152 1634
6555 1634
6172 1634
4631 1634
0560 1634
6007 1633
4006 1633
0346 1633
8289 1632
7538 1631
7282 1631
5226 1631
0952 1631
8786 1630
8448 1630
7179 1630
7116 1629
6302 1629
3741 1629
0750 1629
9970 1628
9620 1628
8517 1628
8254 1628
4431 1628
3695 1628
3317 1628
2996 1628
8794 1627
8769 1627
8667 1627
4702 1627
3343 1627
1547 1627
1336 1627
0751 1627
8460 1626
4602 1626
2634 1626
1668 1626
8518 1625
7510 1625
3055 1625
1639 1625
1537 1625
5016 1624
2747 1624
9294 1623
5550 1623
3812 1623
2570 1623
1742 1623
8975 1622
2639 1622
1935 1622
1858 1622
1568 1622
9063 1621
9025 1621
8866 1621
8433 1621
7610 1621
7138 1621
5859 1621
5664 1621
5615 1621
1676 1621
0443 1621
9916 1620
4678 1620
4585 1620
3435 1620
1553 1620
0653 1620
8304 1619
7765 1619
7208 1619
5878 1619
4146 1619
8821 1618
8689 1618
7143 1618
6235 1618
5613 1618
4820 1618
4533 1618
4154 1618
2839 1618
1655 1618
8941 1617
8271 1617
6209 1617
3237 1617
7425 1616
5057 1616
2473 1616
2447 1616
0372 1616
9923 1615
8177 1615
4247 1615
4246 1615
4045 1615
3574 1615
1339 1615
0453 1615
0446 1615
8942 1614
8152 1614
7168 1614
6888 1614
2572 1614
0636 1614
0362 1614
8540 1613
6431 1613
5266 1613
0974 1613
8770 1612
7415 1612
6978 1612
9562 1611
8695 1611
8223 1611
8216 1611
5869 1611
5305 1611
0762 1611
9865 1610
8751 1610
7741 1610
1572 1610
6214 1609
4655 1609
2851 1609
1869 1609
1672 1609
0454 1609
0354 1609
7521 1608
6566 1608
6548 1608
6411 1608
1845 1608
0659 1608
9721 1607
8615 1607
8549 1607
7423 1607
4266 1607
2646 1607
9504 1606
6624 1606
3622 1606
1834 1606
1660 1606
1376 1606
5136 1605
9699 1604
9234 1604
8758 1604
8659 1604
7187 1604
6613 1604
5413 1604
4016 1604
1761 1604
9277 1603
7214 1603
5546 1603
5204 1603
4544 1603
4351 1603
1769 1603
9033 1602
8432 1602
6237 1602
5528 1602
4333 1602
3911 1602
3652 1602
9904 1601
9177 1601
7511 1601
5526 1601
5364 1601
3541 1601
9751 1600
8682 1600
8259 1600
7318 1600
5890 1600
3811 1600
2668 1600
8946 1599
8660 1599
7262 1599
6510 1599
4303 1599
4008 1599
2799 1599
2397 1599
8785 1598
6620 1598
3791 1598
3542 1598
2574 1598
8567 1597
5502 1597
3632 1597
8574 1596
6511 1596
4651 1596
2751 1596
0344 1596
6910 1595
2557 1595
1367 1595
7901 1594
5633 1594
2173 1594
1774 1594
7931 1593
5811 1593
5458 1593
1943 1593
1745 1593
0471 1593
0340 1593
9271 1592
8354 1592
6063 1592
4504 1592
1649 1592
0973 1592
0574 1592
8964 1591
8890 1591
8681 1591
6124 1591
4503 1591
4164 1591
3056 1591
2337 1591
8980 1590
8744 1590
7217 1590
3746 1590
3442 1590
2752 1590
2644 1590
9137 1589
8966 1589
8334 1589
7017 1589
3891 1589
3413 1589
3057 1589
0357 1589
9157 1588
8924 1588
8716 1588
8167 1588
6033 1588
5696 1588
9295 1587
8533 1587
8361 1587
7369 1587
5626 1587
5133 1587
2559 1587
9761 1586
8214 1586
7261 1586
5466 1586
5027 1586
3620 1586
1497 1586
0668 1586
8133 1585
7721 1585
4588 1585
4135 1585
3257 1585
2841 1585
9174 1584
1558 1584
0539 1584
0084 1584
5154 1583
9143 1582
6544 1582
6149 1582
6066 1582
5657 1582
5375 1582
2736 1582
1897 1582
8616 1581
6249 1581
3623 1581
3035 1581
2842 1581
2655 1581
8166 1580
6233 1580
5247 1580
2656 1580
1443 1580
0961 1580
0365 1579
5037 1578
5008 1578
0475 1578
9855 1577
8971 1577
8592 1577
6308 1577
2927 1577
2697 1577
1348 1577
9518 1576
8360 1576
6264 1576
5461 1576
5443 1576
5388 1576
4342 1576
4155 1576
9087 1575
6255 1575
6004 1575
5821 1575
5267 1575
9149 1574
8283 1574
7277 1574
6712 1574
5134 1574
1675 1574
0444 1574
6142 1573
5207 1573
4341 1573
2998 1573
2664 1573
2339 1573
0570 1573
0464 1573
8155 1572
7612 1572
5795 1572
2979 1572
0441 1572
8423 1571
5350 1571
4722 1571
4353 1571
1856 1571
1476 1571
0361 1571
9407 1570
8764 1570
8474 1570
8464 1570
6104 1570
4865 1570
4226 1570
4044 1570
3572 1570
3562 1570
3342 1570
0945 1570
9782 1569
8341 1569
7417 1569
4741 1569
3888 1569
3415 1569
3277 1569
2862 1569
2756 1569
1848 1569
0461 1569
0341 1569
8459 1568
4656 1568
4355 1568
1732 1568
8656 1567
8391 1567
7225 1567
6243 1567
3305 1567
2860 1567
2832 1567
1646 1567
9525 1566
8726 1566
8724 1566
7879 1566
6665 1566
6656 1566
2952 1566
9980 1564
8386 1564
7209 1564
5673 1564
5356 1564
3552 1564
3514 1564
1854 1564
0941 1564
9095 1563
7299 1563
5346 1563
4441 1563
9663 1562
9606 1562
8096 1562
6332 1562
6179 1562
5024 1562
0540 1562
7399 1561
4852 1561
9325 1560
8617 1560
5691 1560
5677 1560
5453 1560
4133 1560
3401 1560
2459 1560
1658 1560
9944 1559
9908 1559
9635 1559
9315 1559
9094 1559
8962 1559
8940 1559
4518 1559
3174 1559
2876 1559
1866 1559
1833 1559
9996 1558
9885 1558
8970 1558
8762 1558
6114 1558
5530 1558
5444 1558
5277 1558
4713 1558
4257 1558
3630 1558
8371 1557
7779 1557
7298 1557
2917 1557
6135 1556
1656 1556
8389 1555
6777 1555
6663 1555
6017 1555
5634 1555
0959 1555
8792 1554
8381 1554
7887 1554
5856 1554
4831 1554
4167 1554
3711 1554
3613 1554
3067 1554
8255 1553
6606 1553
3097 1553
2667 1553
1853 1553
8796 1552
8499 1552
3094 1552
8590 1551
8430 1551
5244 1551
5157 1551
5026 1551
0657 1551
8650 1550
8535 1550
8278 1550
7520 1550
2864 1550
2733 1550
1934 1550
0940 1550
9555 1549
6626 1549
4587 1549
2732 1549
1665 1549
0957 1549
8994 1548
8227 1548
5428 1548
1733 1548
8431 1547
8350 1547
5402 1547
5257 1547
3991 1547
3523 1547
2850 1547
0465 1547
9854 1546
9077 1546
8699 1546
6700 1546
6247 1546
8928 1545
8780 1545
8134 1545
7999 1545
5710 1545
5382 1545
4802 1545
9139 1544
8591 1544
8293 1544
7023 1544
6143 1544
4553 1544
8782 1543
8385 1543
7114 1543
2838 1543
9266 1542
6345 1542
5569 1542
5477 1542
4365 1542
9421 1541
8614 1541
8083 1541
7801 1541
5888 1541
5357 1541
3662 1541
3416 1541
1740 1541
8424 1540
7003 1540
5469 1540
5446 1540
4550 1540
4516 1540
0756 1540
7720 1539
6660 1539
4842 1539
4825 1539
4157 1539
4153 1539
1739 1539
1557 1539
8495 1538
8067 1538
7249 1538
3363 1538
3351 1538
3304 1538
8436 1537
5854 1537
1855 1537
1673 1537
8560 1536
7533 1536
5558 1536
4267 1536
1448 1536
9314 1535
7421 1535
4327 1535
4165 1535
0472 1535
9969 1534
7987 1534
7924 1534
7892 1534
7747 1534
5801 1534
5799 1534
5067 1534
4657 1534
3522 1534
8187 1533
5991 1533
5487 1533
3963 1533
2672 1533
8156 1532
6678 1532
6616 1532
6540 1532
6224 1532
0965 1532
5775 1531
5650 1531
5430 1531
4217 1531
8441 1530
6452 1530
6421 1530
5602 1530
3292 1530
9639 1529
8740 1529
7717 1529
6453 1529
5435 1529
0466 1529
6522 1528
5056 1528
2924 1528
0476 1528
0373 1528
9603 1527
6227 1527
6145 1527
5063 1527
3721 1527
2833 1527
2797 1527
1674 1527
9233 1526
8969 1526
7701 1526
6623 1526
4434 1526
1464 1526
0640 1526
8992 1525
8960 1525
8729 1525
7856 1525
7420 1525
7105 1525
6901 1525
4286 1525
4177 1525
9906 1524
6410 1524
6166 1524
5562 1524
5516 1524
5035 1524
4305 1524
4063 1524
2840 1524
7239 1523
6977 1523
6323 1523
5087 1523
3267 1523
1750 1523
8974 1522
8573 1522
7237 1522
6309 1522
5137 1522
4517 1522
2675 1522
1836 1522
1573 1522
0457 1522
8690 1521
8136 1521
6139 1521
5436 1521
4046 1521
3626 1521
1749 1521
9602 1520
9265 1520
6256 1520
4628 1520
0364 1520
0094 1520
9792 1519
9235 1519
6246 1519
6215 1519
4891 1519
4166 1519
4056 1519
3696 1519
3339 1519
0576 1519
0462 1519
9637 1518
7124 1518
5036 1518
4626 1518
4599 1518
3047 1518
9825 1517
9702 1517
8823 1517
8594 1517
6951 1517
6236 1517
6203 1517
5635 1517
5237 1517
3712 1517
7269 1516
6632 1516
6435 1516
4309 1516
3577 1516
3556 1516
3532 1516
3335 1516
3095 1516
2753 1516
9713 1515
9409 1515
9296 1515
9067 1515
9053 1515
7195 1515
6322 1515
6314 1515
6016 1515
4715 1515
3461 1515
3034 1515
1862 1515
8929 1514
8779 1514
8593 1514
8204 1514
7501 1514
5287 1514
4530 1514
2754 1514
0375 1514
0348 1514
9945 1513
9507 1513
9422 1513
8781 1513
1648 1513
8979 1512
7263 1512
4026 1512
8757 1511
8087 1511
6825 1511
5911 1511
5559 1511
5336 1511
5144 1511
4134 1511
8664 1510
8053 1510
1664 1510
1446 1510
0942 1510
8982 1509
8943 1509
7424 1509
5527 1509
3526 1509
9413 1508
8489 1508
7008 1508
9323 1507
8543 1507
6621 1507
6206 1507
3777 1507
3462 1507
2437 1507
0571 1507
4415 1506
2773 1506
7308 1505
6423 1505
4330 1505
2573 1505
0541 1505
8972 1504
8961 1504
8954 1504
5653 1504
4826 1504
2659 1504
0374 1504
8498 1503
4403 1503
4316 1503
3433 1503
6711 1502
5901 1502
5741 1502
5687 1502
1653 1502
9014 1501
8269 1501
5985 1501
4328 1501
5467 1500
1697 1500
9621 1499
8797 1499
8396 1499
4668 1499
4666 1499
3096 1499
2873 1499
0935 1499
9604 1498
9394 1498
8477 1498
6811 1498
3306 1498
1844 1498
6931 1497
6454 1497
5529 1497
5177 1497
4451 1497
9133 1496
5669 1496
2338 1496
1374 1496
9297 1495
6324 1495
6025 1495
1667 1495
3710 1494
3073 1494
2932 1494
9508 1493
9414 1493
8144 1493
7093 1493
6105 1493
1747 1493
1576 1493
1338 1493
0569 1493
9516 1492
9027 1492
5077 1492
3505 1492
2978 1492
9982 1491
8339 1491
5846 1491
5745 1491
4624 1491
4499 1491
5758 1490
6455 1489
3912 1489
2971 1489
2939 1489
7702 1488
7666 1488
7478 1488
7273 1488
4528 1488
4009 1488
3357 1488
3307 1488
1373 1488
7452 1487
7279 1487
6067 1487
4641 1487
0572 1487
0469 1487
8544 1486
7104 1486
6552 1486
5283 1486
4536 1486
3561 1486
7525 1485
5518 1485
4920 1485
4428 1485
8771 1484
8284 1484
8063 1484
3284 1484
1644 1484
9623 1483
8468 1483
8442 1483
7854 1483
7014 1483
5589 1483
2865 1483
8483 1482
8264 1482
6791 1482
5889 1482
5044 1482
9770 1481
8698 1481
7259 1481
6932 1481
5165 1481
3350 1481
6015 1480
0561 1480
7126 1479
5630 1479
3678 1479
1752 1479
0962 1479
7135 1478
7033 1478
6331 1478
2449 1478
9523 1477
9134 1477
8338 1477
7254 1477
6869 1477
5675 1477
5636 1477
5540 1477
1755 1477
1467 1477
0755 1477
8598 1476
8336 1476
7004 1476
6920 1476
5777 1476
5316 1476
4814 1476
3614 1476
0455 1476
9808 1474
9322 1474
6979 1474
5054 1474
9264 1473
8387 1473
8237 1473
8137 1473
6369 1473
5999 1473
5045 1473
4292 1473
3354 1473
2737 1473
9524 1472
8556 1472
7596 1472
6696 1472
6513 1472
6136 1472
5304 1472
4869 1472
4650 1472
4614 1472
4174 1472
8469 1471
7289 1471
6005 1471
5648 1471
5553 1471
5517 1471
5163 1471
4087 1471
3533 1471
7432 1470
7169 1470
6963 1470
5897 1470
3569 1470
2796 1470
8927 1469
8833 1469
8813 1469
8733 1469
8497 1469
6801 1469
6362 1469
6244 1469
3440 1469
0754 1469
9703 1468
8844 1468
8763 1468
7821 1468
7787 1468
6662 1468
6432 1468
6292 1468
4645 1468
4264 1468
0944 1468
9886 1467
8215 1467
5810 1467
5676 1467
9273 1466
8327 1466
7764 1466
7522 1466
6589 1466
6465 1466
5822 1466
4067 1466
9868 1465
8487 1465
8380 1465
7302 1465
7283 1465
7005 1465
6204 1465
4658 1465
3531 1465
8783 1464
8755 1464
8577 1464
8370 1464
6890 1464
6462 1464
6366 1464
5472 1464
5284 1464
9652 1463
9425 1463
7224 1463
5824 1463
4287 1463
8747 1462
8292 1462
6642 1462
6326 1462
5185 1462
4604 1462
4426 1462
3550 1462
2972 1462
9993 1461
9858 1461
8628 1461
6514 1461
5499 1461
4285 1461
9972 1460
7303 1460
6788 1460
5692 1460
4350 1460
4057 1460
3287 1460
2977 1460
9661 1459
8828 1459
7025 1459
5910 1459
5343 1459
2856 1459
0968 1459
0949 1459
8472 1458
2746 1458
8981 1457
8183 1457
7611 1457
6330 1457
6077 1457
5378 1457
5083 1457
4931 1457
3353 1457
2761 1457
8996 1456
8566 1456
8536 1456
7825 1456
6988 1456
5275 1456
4824 1456
3430 1456
0958 1456
9939 1455
5841 1455
5360 1455
4606 1455
4406 1455
2866 1455
9681 1454
9255 1454
8226 1454
8185 1454
7997 1454
6585 1454
5561 1454
2868 1454
6274 1453
5855 1453
4318 1453
8077 1452
7317 1452
6913 1452
5367 1452
3516 1452
3431 1452
1635 1452
0953 1452
6265 1451
4922 1451
4540 1451
4450 1451
3352 1451
3340 1451
2758 1451
2676 1451
1865 1451
0473 1451
7725 1450
6424 1450
5146 1450
3677 1450
8736 1449
7422 1449
7331 1449
6451 1449
9799 1448
8950 1448
5034 1448
3920 1448
2750 1448
2674 1448
1843 1448
0641 1448
9625 1447
5881 1447
5663 1447
5206 1447
5066 1447
3650 1447
9236 1446
8728 1446
8663 1446
4731 1446
3910 1446
2969 1446
1449 1446
8583 1445
2774 1445
8375 1444
6401 1444
4615 1444
0437 1444
9451 1443
6636 1443
6354 1443
6027 1443
5503 1443
4804 1443
4575 1443
3641 1443
3453 1443
8047 1442
7247 1442
7234 1442
6630 1442
5735 1442
5563 1442
5187 1442
3661 1442
3635 1442
0371 1442
8165 1441
8055 1441
4884 1441
3642 1441
8976 1440
8727 1440
7475 1440
4582 1440
4277 1440
1938 1440
8657 1439
8534 1439
7881 1439
6970 1439
6710 1439
5842 1439
9897 1438
7822 1438
7325 1438
6313 1438
5295 1438
5184 1438
0748 1438
0568 1438
6216 1437
5457 1437
4547 1437
3773 1437
2647 1437
9285 1436
9096 1436
8578 1436
8434 1436
8390 1436
7861 1436
7542 1436
7485 1436
6561 1436
6277 1436
5485 1436
5391 1436
4083 1436
3360 1436
9798 1435
9626 1435
8977 1435
8680 1435
8272 1435
8065 1435
5448 1435
4888 1435
0347 1435
8944 1434
8570 1434
5450 1434
4237 1434
3554 1434
2858 1434
1759 1434
9866 1433
9254 1433
8217 1433
8186 1433
6014 1433
3602 1433
3361 1433
2775 1433
2759 1433
1864 1433
9823 1432
9690 1432
9267 1432
8658 1432
8194 1432
6515 1432
6482 1432
6422 1432
6043 1432
2843 1432
8457 1431
7925 1431
5628 1431
4616 1431
3701 1431
3066 1431
1760 1431
9424 1430
7441 1430
4304 1430
3603 1430
8677 1429
7877 1429
6564 1429
6267 1429
6009 1429
5670 1429
2950 1429
7149 1428
7027 1428
6599 1428
5865 1428
1748 1428
7893 1427
6601 1427
6316 1427
5193 1427
3560 1427
2665 1427
1663 1427
0468 1427
9907 1426
8356 1426
6426 1426
5416 1426
5371 1426
4861 1426
3820 1426
0367 1426
9730 1425
8815 1425
8738 1425
7207 1425
6524 1425
5682 1425
4603 1425
4405 1425
3044 1425
0735 1425
9918 1424
7714 1424
5868 1424
5688 1424
5399 1424
3557 1424
2933 1424
7333 1423
6187 1423
6137 1423
5337 1423
4586 1423
2798 1423
9522 1422
9057 1422
5798 1422
7145 1421
6691 1421
6567 1421
4055 1421
3901 1421
3428 1421
2576 1421
9926 1420
8948 1420
6505 1420
4664 1420
4462 1420
4442 1420
3921 1420
3646 1420
2854 1420
1735 1420
0934 1420
8043 1419
7235 1419
4832 1419
3824 1419
8683 1418
8174 1418
8066 1418
6921 1418
6886 1418
6414 1418
5880 1418
5785 1418
5713 1418
4991 1418
4317 1418
1847 1418
9509 1417
8494 1417
6664 1417
5166 1417
4605 1417
2640 1417
8463 1416
5536 1416
2658 1416
1744 1416
0467 1416
8491 1415
8445 1415
5486 1415
4535 1415
3337 1415
1766 1415
9136 1414
8629 1414
8329 1414
7106 1414
5317 1414
4723 1414
4073 1414
3065 1414
9605 1413
8735 1413
8597 1413
6342 1413
5344 1413
5328 1413
1754 1413
8437 1412
7708 1412
5386 1412
3570 1412
9959 1411
9636 1411
8816 1411
5690 1411
5595 1411
3534 1411
1835 1411
9066 1410
8746 1410
8671 1410
8444 1410
7155 1410
6652 1410
6531 1410
6374 1410
3660 1410
2438 1410
9641 1409
7203 1409
7053 1409
7015 1409
6563 1409
6506 1409
6502 1409
9596 1408
8397 1408
6396 1408
5384 1408
4951 1408
3999 1408
3801 1408
3478 1408
2855 1408
1538 1408
9678 1407
8793 1407
8775 1407
8737 1407
8471 1407
5672 1407
5564 1407
5447 1407
4816 1407
4813 1407
2997 1407
9818 1406
9083 1406
7704 1406
7323 1406
5892 1406
4724 1406
9917 1405
9777 1405
9772 1405
9384 1405
8881 1405
7980 1405
7880 1405
6781 1405
6526 1405
6428 1405
5504 1405
3847 1405
9928 1404
7874 1404
7292 1404
5826 1404
5751 1404
3503 1404
3075 1404
1762 1404
1637 1404
8748 1403
8163 1403
7462 1403
6053 1403
4688 1403
4335 1403
3651 1403
2740 1403
1647 1403
9895 1402
8993 1402
8898 1402
6287 1402
5851 1402
4653 1402
3404 1402
2961 1402
2755 1402
2660 1402
7043 1401
5898 1401
3543 1401
7309 1400
3471 1400
3402 1400
0376 1400
9551 1399
8973 1399
8395 1399
5404 1399
5167 1399
4823 1399
3810 1399
2673 1399
2649 1399
0637 1399
8547 1398
8479 1398
8364 1398
6501 1398
6364 1398
6133 1398
5695 1398
4642 1398
4306 1398
4035 1398
3564 1398
3499 1398
2769 1398
0936 1398
9725 1397
9671 1397
9237 1397
7820 1397
6914 1397
6533 1397
5381 1397
4037 1397
0964 1397
9698 1396
9415 1396
6946 1396
6303 1396
6194 1396
5644 1396
3328 1396
0559 1396
9275 1395
6036 1395
6026 1395
5925 1395
5575 1395
3468 1395
2766 1395
9599 1394
9176 1394
8739 1394
8057 1394
6217 1394
4066 1394
9455 1393
8743 1393
7205 1393
6645 1393
5701 1393
5047 1393
4484 1393
4036 1393
3656 1393
7137 1392
6065 1392
4742 1392
1846 1392
1839 1392
9896 1391
8958 1391
8627 1391
8279 1391
7477 1391
5417 1391
5307 1391
4571 1391
4340 1391
3530 1391
7215 1390
6944 1390
5693 1390
4992 1390
3502 1390
9893 1389
8959 1389
8467 1389
8257 1389
5948 1389
5755 1389
5699 1389
5434 1389
5065 1389
9953 1388
9426 1388
8539 1388
7537 1388
4859 1388
8932 1387
5823 1387
5578 1387
4187 1387
9330 1386
9274 1386
5489 1386
8365 1385
3725 1385
3644 1385
2845 1385
0947 1385
9787 1384
8362 1384
6562 1384
6530 1384
6163 1384
5660 1384
2935 1384
9065 1383
8814 1383
8538 1383
6463 1383
5895 1383
5571 1383
4902 1383
2941 1383
0939 1383
9809 1382
8357 1382
0436 1382
9732 1381
9333 1381
8256 1381
8176 1381
7963 1381
7734 1381
7087 1381
5616 1381
5334 1381
4194 1381
6972 1380
6560 1380
5882 1380
5372 1380
3504 1380
0573 1380
6650 1379
5815 1379
5725 1379
5534 1379
4830 1379
4558 1379
4418 1379
3176 1379
2960 1379
1838 1379
9064 1378
8342 1378
7233 1378
5293 1378
4097 1378
1638 1378
0760 1378
9760 1377
8672 1377
8455 1377
6351 1377
5585 1377
5482 1377
5403 1377
5306 1377
3606 1377
8632 1376
6974 1376
5085 1376
1765 1376
0463 1376
0438 1376
9530 1375
8957 1375
7703 1375
4890 1375
4759 1375
3658 1375
1837 1375
9824 1374
8673 1374
8287 1374
7009 1374
5557 1374
5327 1374
4591 1374
4357 1374
1859 1374
1746 1374
0449 1374
8376 1373
7808 1373
7391 1373
5506 1373
4805 1373
0749 1373
9697 1372
9531 1372
6413 1372
5992 1372
5093 1372
4745 1372
3565 1372
9805 1371
9750 1371
9331 1371
8245 1371
7226 1371
6587 1371
6156 1371
4461 1371
8986 1370
8273 1370
6365 1370
6024 1370
4481 1370
4329 1370
3283 1370
2962 1370
1868 1370
8458 1369
4430 1369
3362 1369
7458 1368
6575 1368
4435 1368
2670 1368
1757 1368
1734 1368
9559 1367
8882 1367
8824 1367
7823 1367
7555 1367
6257 1367
4840 1367
3821 1367
3356 1367
1657 1367
7585 1366
4841 1366
4307 1366
0948 1366
8435 1365
7402 1365
7315 1365
6845 1365
4662 1365
4137 1365
3446 1365
2757 1365
9845 1364
5850 1364
5603 1364
4818 1364
4687 1364
4093 1364
3822 1364
9764 1363
9722 1363
7870 1363
6922 1363
6690 1363
6516 1363
6093 1363
6008 1363
4630 1363
4534 1363
1849 1363
8363 1362
6177 1362
0943 1362
7922 1361
7909 1361
6614 1361
6553 1361
5459 1361
4361 1361
3517 1361
2638 1361
8817 1360
2975 1360
1758 1360
9786 1359
7162 1359
6441 1359
6147 1359
1756 1359
9651 1358
8359 1358
8340 1358
8263 1358
8236 1358
2748 1358
9622 1357
6598 1357
5164 1357
4590 1357
3639 1357
7872 1356
6305 1356
5721 1356
3391 1356
3054 1356
9144 1355
8694 1355
8454 1355
8394 1355
8366 1355
8335 1355
7920 1355
6923 1355
6193 1355
5847 1355
5781 1355
9624 1354
9495 1354
8885 1354
8679 1354
8674 1354
8285 1354
7320 1354
5340 1354
5339 1354
5046 1354
3881 1354
9985 1353
6551 1353
3615 1353
9995 1352
9591 1352
8085 1352
7643 1352
6627 1352
5962 1352
5887 1352
4458 1352
4175 1352
9994 1351
8997 1351
7770 1351
6503 1351
6047 1351
5427 1351
4771 1351
4647 1351
2439 1351
9804 1350
8478 1350
6991 1350
9956 1349
9864 1349
4367 1349
4362 1349
4283 1349
3742 1349
3329 1349
8175 1348
7567 1348
6153 1348
3890 1348
0954 1348
9316 1347
4817 1347
4704 1347
4416 1347
2834 1347
9452 1346
7601 1346
6881 1346
6285 1346
6097 1346
6035 1346
5647 1346
3733 1346
8352 1345
7989 1345
5978 1345
5920 1345
5862 1345
5714 1345
2970 1345
8759 1344
6821 1344
6341 1344
6083 1344
6045 1344
5582 1344
2835 1344
8892 1343
6445 1343
9965 1342
9047 1342
8492 1342
8193 1342
6924 1342
4371 1342
0558 1342
0358 1342
0338 1342
9276 1341
8554 1341
7871 1341
7545 1341
4581 1341
9561 1340
7451 1340
5618 1340
5606 1340
4740 1340
3932 1340
3393 1340
1764 1340
0645 1340
9146 1339
8164 1339
8045 1339
7006 1339
5359 1339
5273 1339
4851 1339
4640 1339
4464 1339
3365 1339
9949 1338
7742 1338
6631 1338
6315 1338
5418 1338
5380 1338
3993 1338
2744 1338
9707 1337
8372 1337
8347 1337
7775 1337
7706 1337
6373 1337
6307 1337
5640 1337
3713 1337
2867 1337
8184 1336
7982 1336
7535 1336
7401 1336
6306 1336
5548 1336
4882 1336
4443 1336
3831 1336
3566 1336
7731 1335
6889 1335
5780 1335
0967 1335
7902 1334
7715 1334
6602 1334
6167 1334
4904 1334
0447 1334
8851 1333
7047 1333
6466 1333
6357 1333
5591 1333
5368 1333
5358 1333
5286 1333
4579 1333
3665 1333
3618 1333
3447 1333
9613 1332
8490 1332
7921 1332
6792 1332
5731 1332
5097 1332
4474 1332
8353 1331
7515 1331
6569 1331
5475 1331
5474 1331
5405 1331
4576 1331
3481 1331
2974 1331
1743 1331
9423 1330
8670 1330
8576 1330
7322 1330
6966 1330
5684 1330
3285 1330
9256 1329
8631 1329
6879 1329
6841 1329
6550 1329
6055 1329
5831 1329
4850 1329
3655 1329
3436 1329
8768 1328
8476 1328
6618 1328
5921 1328
5338 1328
4336 1328
3591 1328
3448 1328
3392 1328
3327 1328
6720 1327
4777 1327
0337 1327
9863 1326
9788 1326
7413 1326
6933 1326
6902 1326
6433 1326
6360 1326
5945 1326
5778 1326
5560 1326
4950 1326
4758 1326
4548 1326
9024 1325
8449 1325
8075 1325
7073 1325
4703 1325
4584 1325
3573 1325
2743 1325
8949 1324
8234 1324
6993 1324
6134 1324
4732 1324
9828 1323
8277 1323
7772 1323
7445 1323
6820 1323
9431 1322
7455 1322
7236 1322
5471 1322
4843 1322
4184 1322
3474 1322
9645 1321
7447 1321
7255 1321
6668 1321
6442 1321
5460 1321
2959 1321
1863 1321
9653 1320
7805 1320
6635 1320
5913 1320
4636 1320
9935 1319
9616 1319
8947 1319
8749 1319
7067 1319
3795 1319
3417 1319
7586 1318
7204 1318
7133 1318
6205 1318
2976 1318
4781 1317
4086 1317
3418 1317
2760 1317
9317 1316
8878 1316
8537 1316
7782 1316
7552 1316
7471 1316
7246 1316
7134 1316
6588 1316
6165 1316
3883 1316
3405 1316
9650 1315
9614 1315
8559 1315
7484 1315
7016 1315
6284 1315
6186 1315
5075 1315
4598 1315
4478 1315
1767 1315
8630 1314
8473 1314
8247 1314
7472 1314
7206 1314
5720 1314
4284 1314
3664 1314
3540 1314
3408 1314
0757 1314
8967 1313
8880 1313
8379 1313
8044 1313
7083 1313
6207 1313
5194 1313
4858 1313
2844 1313
9073 1312
7136 1312
6698 1312
6155 1312
5840 1312
5276 1312
3484 1312
2853 1312
9532 1311
8073 1311
7502 1311
6780 1311
6689 1311
5787 1311
9943 1310
9705 1310
6037 1310
4275 1310
3889 1310
3832 1310
2863 1310
2763 1310
9608 1309
9546 1309
7882 1309
7875 1309
7757 1309
5568 1309
5491 1309
4577 1309
4507 1309
2657 1309
7285 1308
6947 1308
6361 1308
5629 1308
3076 1308
9247 1307
7780 1307
1738 1307
9692 1306
8772 1306
6559 1306
5440 1306
4173 1306
3925 1306
9934 1305
9487 1305
7577 1305
6535 1305
6087 1305
5392 1305
3506 1305
2767 1305
2735 1305
9954 1304
9752 1304
6057 1304
3544 1304
2945 1304
1867 1304
9979 1303
9936 1303
8398 1303
7753 1303
5396 1303
3276 1303
3046 1303
2942 1303
9432 1302
9257 1302
9026 1302
7216 1302
2956 1302
9848 1301
5668 1301
5659 1301
5590 1301
4803 1301
4691 1301
3833 1301
1763 1301
0549 1301
9986 1300
8831 1300
7862 1300
5592 1300
5547 1300
5495 1300
4669 1300
3575 1300
3548 1300
2955 1300
9894 1299
7523 1299
5605 1299
4661 1299
4483 1299
4369 1299
4339 1299
3647 1299
3373 1299
0638 1299
9658 1298
8429 1298
7677 1298
6981 1298
6628 1298
5981 1298
5617 1298
3689 1298
9785 1297
8579 1297
7851 1297
7804 1297
7157 1297
9883 1296
8243 1296
7802 1296
7705 1296
6948 1296
6183 1296
5931 1296
5832 1296
4845 1296
3720 1296
3074 1296
3064 1296
9694 1295
8037 1295
6461 1295
4643 1295
3547 1295
0765 1295
8633 1294
7193 1294
6785 1294
6646 1294
6355 1294
5722 1294
5173 1294
4446 1294
4176 1294
4054 1294
4034 1294
2836 1294
9607 1293
7865 1293
5875 1293
5752 1293
4999 1293
4471 1293
4465 1293
3296 1293
9055 1292
5537 1292
5508 1292
5073 1292
4663 1292
4480 1292
3861 1292
3275 1292
9779 1291
8496 1291
6686 1291
5808 1291
5539 1291
5490 1291
4717 1291
3880 1291
3653 1291
0766 1291
9679 1290
6591 1290
5848 1290
3922 1290
3528 1290
3427 1290
2966 1290
9978 1289
7313 1289
6787 1289
5697 1289
5488 1289
5348 1289
1857 1289
9695 1288
7442 1288
7266 1288
7026 1288
6605 1288
4381 1288
3604 1288
3429 1288
9814 1287
7769 1287
7307 1287
6670 1287
6641 1287
6582 1287
5607 1287
4382 1287
3383 1287
9740 1286
9723 1286
8568 1286
7621 1286
7337 1286
7274 1286
7185 1286
7146 1286
6415 1286
6275 1286
5374 1286
4716 1286
4460 1286
3390 1286
9332 1285
8697 1285
8233 1285
7904 1285
7433 1285
6581 1285
6146 1285
5587 1285
4618 1285
4580 1285
4183 1285
3406 1285
0764 1285
8830 1284
8641 1284
6185 1284
5771 1284
4366 1284
0458 1284
9806 1283
8447 1283
8286 1283
8266 1283
4475 1283
3274 1283
8344 1282
8343 1282
7667 1282
7444 1282
7174 1282
4529 1282
9642 1281
8953 1281
8869 1281
7431 1281
6989 1281
4917 1281
4699 1281
3823 1281
3616 1281
9615 1280
9318 1280
5828 1280
4796 1280
4489 1280
3286 1280
2953 1280
2765 1280
2734 1280
9665 1279
7718 1279
7620 1279
6402 1279
5960 1279
5902 1279
5389 1279
4338 1279
3640 1279
3348 1279
9735 1278
9086 1278
9085 1278
8367 1278
7578 1278
6722 1278
6458 1278
5923 1278
3714 1278
3371 1278
2749 1278
7732 1277
6651 1277
4596 1277
9884 1276
9550 1276
7541 1276
6992 1276
6604 1276
6073 1276
5406 1276
5390 1276
5383 1276
3346 1276
3293 1276
7758 1275
5871 1275
5860 1275
3590 1275
2973 1275
1737 1275
9715 1274
9634 1274
7905 1274
7565 1274
6702 1274
5297 1274
5174 1274
4788 1274
4364 1274
4065 1274
3945 1274
1736 1274
9245 1273
8887 1273
4617 1273
9450 1272
9045 1272
5484 1272
4508 1272
4485 1272
4377 1272
8850 1271
8349 1271
7513 1271
7175 1271
4881 1271
4806 1271
4273 1271
2965 1271
8826 1270
7991 1270
5982 1270
5747 1270
4527 1270
4427 1270
9815 1269
9655 1269
9441 1269
5680 1269
4748 1269
3860 1269
0761 1269
9844 1268
9043 1268
8244 1268
7855 1268
5681 1268
4549 1268
3830 1268
3751 1268
3722 1268
6676 1267
6064 1267
5784 1267
5604 1267
4490 1267
4486 1267
4346 1267
2849 1267
7063 1266
6776 1266
5969 1266
5581 1266
4856 1266
4778 1266
0946 1266
9324 1265
8984 1265
7723 1265
6701 1265
6391 1265
5986 1265
5932 1265
5373 1265
3381 1265
9685 1264
9598 1264
9345 1264
9335 1264
8558 1264
7876 1264
7194 1264
6822 1264
6692 1264
5876 1264
5786 1264
4930 1264
4633 1264
4482 1264
2940 1264
8054 1263
7481 1263
7324 1263
6579 1263
5930 1263
5429 1263
4472 1263
9867 1262
9853 1262
9688 1262
7773 1262
7709 1262
7314 1262
3638 1262
3466 1262
2738 1262
0767 1262
0339 1262
8056 1261
6766 1261
4913 1261
4772 1261
4509 1261
4448 1261
4440 1261
3915 1261
3563 1261
9363 1260
7745 1260
7564 1260
7454 1260
7256 1260
7035 1260
6536 1260
6518 1260
6504 1260
5608 1260
5370 1260
4644 1260
4417 1260
3971 1260
0359 1260
7776 1259
6816 1259
6782 1259
6044 1259
5609 1259
4665 1259
8968 1258
7785 1258
7526 1258
6680 1258
5580 1258
5538 1258
5329 1258
3558 1258
3403 1258
0639 1258
5864 1257
5732 1257
4186 1257
3933 1257
3364 1257
0734 1257
9660 1256
9567 1256
9430 1256
5899 1256
2859 1256
8235 1255
7842 1255
6802 1255
5953 1255
5877 1255
4690 1255
4470 1255
3487 1255
3386 1255
2768 1255
0642 1255
9997 1254
6603 1254
5884 1254
5829 1254
5748 1254
4085 1254
1768 1254
7774 1253
7726 1253
7476 1253
5183 1253
4064 1253
2958 1253
2762 1253
0368 1253
9704 1252
9686 1252
8346 1252
6866 1252
6617 1252
5379 1252
4407 1252
3842 1252
3589 1252
3338 1252
9339 1251
8842 1251
7809 1251
7727 1251
6878 1251
6528 1251
6293 1251
5803 1251
9656 1250
9454 1250
9326 1250
7332 1250
6608 1250
2936 1250
9833 1249
9533 1249
7606 1249
7543 1249
7166 1249
6982 1249
5586 1249
5470 1249
5086 1249
4337 1249
3851 1249
7154 1248
6054 1248
5980 1248
5872 1248
5759 1248
4193 1248
9545 1247
9054 1247
6653 1247
4751 1247
4627 1247
3882 1247
3846 1247
3537 1247
3460 1247
3409 1247
3297 1247
2944 1247
9826 1246
9755 1246
9662 1246
9609 1246
8355 1246
8146 1246
6971 1246
6558 1246
5866 1246
4463 1246
3787 1246
9416 1245
7885 1245
7553 1245
7057 1245
6939 1245
6489 1245
6154 1245
5347 1245
5186 1245
4372 1245
3745 1245
3595 1245
8773 1244
7264 1244
7037 1244
6980 1244
6658 1244
6615 1244
3828 1244
9552 1243
8858 1243
8438 1243
7406 1243
5818 1243
5570 1243
4659 1243
4276 1243
4096 1243
3723 1243
0644 1243
7803 1242
6975 1242
6157 1242
5996 1242
5950 1242
5724 1242
0769 1242
7813 1241
7781 1241
6590 1241
4896 1241
4889 1241
4808 1241
3605 1241
9714 1240
9499 1240
7830 1240
6892 1240
6485 1240
6356 1240
4844 1240
3697 1240
3463 1240
2954 1240
9465 1239
8345 1239
7784 1239
5886 1239
3380 1239
9717 1238
6915 1238
6880 1238
6416 1238
5746 1238
5637 1238
5481 1238
4905 1238
3740 1238
7763 1237
7713 1237
7505 1237
7245 1237
3931 1237
3518 1237
8676 1236
7355 1236
6672 1236
6286 1236
5853 1236
4648 1236
3879 1236
3585 1236
8428 1235
7716 1235
6835 1235
5863 1235
5598 1235
5480 1235
5408 1235
4791 1235
3587 1235
3491 1235
7625 1234
7544 1234
4959 1234
4491 1234
3580 1234
3486 1234
0548 1234
8094 1233
6930 1233
6335 1233
6328 1233
6317 1233
4436 1233
9628 1232
9542 1232
8348 1232
7824 1232
7503 1232
7450 1232
7153 1232
7036 1232
5756 1232
4487 1232
3527 1232
3489 1232
9674 1231
9428 1231
8470 1231
7886 1231
7750 1231
6693 1231
4916 1231
4559 1231
4358 1231
3382 1231
2968 1231
0439 1231
8931 1230
6353 1230
4557 1230
9496 1229
7678 1229
7464 1229
6976 1229
6643 1229
5509 1229
5438 1229
4743 1229
6799 1228
5993 1228
4750 1228
4744 1228
3559 1228
3507 1228
3477 1228
2964 1228
9526 1227
7655 1227
7374 1227
5753 1227
5627 1227
5507 1227
4297 1227
3840 1227
5064 1226
3841 1226
3482 1226
0643 1226
8493 1225
8443 1225
8046 1225
7326 1225
6175 1225
5830 1225
5702 1225
3813 1225
3657 1225
3389 1225
2847 1225
9528 1224
7624 1224
7588 1224
7576 1224
7461 1224
7045 1224
6164 1224
5572 1224
3782 1224
3694 1224
2764 1224
8036 1223
7981 1223
7950 1223
7183 1223
6732 1223
6721 1223
6572 1223
4932 1223
4925 1223
4752 1223
4570 1223
2949 1223
9745 1222
7791 1222
7656 1222
7453 1222
7173 1222
6934 1222
6568 1222
5998 1222
5966 1222
5955 1222
4940 1222
4854 1222
4730 1222
4629 1222
4360 1222
3774 1222
7806 1221
7557 1221
6851 1221
6795 1221
6430 1221
6406 1221
5492 1221
4941 1221
4649 1221
4492 1221
7482 1220
6998 1220
6508 1220
5922 1220
5717 1220
5596 1220
5579 1220
9708 1219
9693 1219
7932 1219
7405 1219
7404 1219
6897 1219
6871 1219
6534 1219
6334 1219
3770 1219
3582 1219
9395 1218
7827 1218
7164 1218
5686 1218
5176 1218
4296 1218
2934 1218
9056 1217
8086 1217
7730 1217
6831 1217
6507 1217
6283 1217
5984 1217
5972 1217
5723 1217
4635 1217
4374 1217
8439 1216
7858 1216
7815 1216
7097 1216
4860 1216
4849 1216
4828 1216
7566 1215
7514 1215
7176 1215
6517 1215
6450 1215
6144 1215
5804 1215
5393 1215
4595 1215
0646 1215
9734 1214
9670 1214
9646 1214
8265 1214
7984 1214
6578 1214
5576 1214
4914 1214
3374 1214
3372 1214
9565 1213
9527 1213
9074 1213
9037 1213
7622 1213
6488 1213
5096 1213
4726 1213
3627 1213
3549 1213
2943 1213
8930 1212
7833 1212
7632 1212
7561 1212
7351 1212
7167 1212
6955 1212
4388 1212
3295 1212
2857 1212
9733 1211
9336 1211
7562 1211
7184 1211
6404 1211
6273 1211
5394 1211
4903 1211
4293 1211
3273 1211
9490 1210
9341 1210
8886 1210
7728 1210
7641 1210
7346 1210
6574 1210
6350 1210
9329 1209
9328 1209
6850 1209
6681 1209
6586 1209
6444 1209
4870 1209
9482 1208
7737 1208
6725 1208
3508 1208
6830 1207
6405 1207
5754 1207
0937 1207
8734 1206
8064 1206
7751 1206
6968 1206
9869 1205
7903 1205
6527 1205
5965 1205
4705 1205
3980 1205
3731 1205
9838 1204
7665 1204
7403 1204
7055 1204
4899 1204
3732 1204
0459 1204
9846 1203
8296 1203
6918 1203
6184 1203
5971 1203
5914 1203
5639 1203
4453 1203
4349 1203
3628 1203
3598 1203
0737 1203
9543 1202
9075 1202
6741 1202
6443 1202
5744 1202
5494 1202
4667 1202
4295 1202
3913 1202
3790 1202
3472 1202
3464 1202
3449 1202
9640 1201
9243 1201
7156 1201
6580 1201
5961 1201
5782 1201
4592 1201
3914 1201
7832 1200
7724 1200
7304 1200
6392 1200
5788 1200
5496 1200
3950 1200
3702 1200
2946 1200
9564 1199
7841 1199
7746 1199
5861 1199
4885 1199
4084 1199
3667 1199
9541 1198
8832 1198
7828 1198
7793 1198
7595 1198
7569 1198
6882 1198
6832 1198
6745 1198
5439 1198
4780 1198
3870 1198
9757 1197
8841 1197
6884 1197
6823 1197
5750 1197
3792 1197
3634 1197
3584 1197
3498 1197
3485 1197
9718 1196
9553 1196
7831 1196
6440 1196
5844 1196
3681 1196
3437 1196
9829 1195
3596 1195
2967 1195
9706 1194
9035 1194
8358 1194
7644 1194
7602 1194
7546 1194
7383 1194
6607 1194
6592 1194
6339 1194
5707 1194
5449 1194
5095 1194
4886 1194
4787 1194
4368 1194
3730 1194
7955 1193
7850 1193
7488 1193
6584 1193
6557 1193
5983 1193
9948 1192
9427 1192
8827 1192
8640 1192
7699 1192
6714 1192
6046 1192
5584 1192
4880 1192
4846 1192
3771 1192
9778 1191
8861 1191
8854 1191
7908 1191
6713 1191
6671 1191
5833 1191
5805 1191
5476 1191
9813 1190
9399 1190
8856 1190
8297 1190
6973 1190
5894 1190
5407 1190
4718 1190
4677 1190
3923 1190
3753 1190
3609 1190
8983 1189
8829 1189
8453 1189
6995 1189
6648 1189
6640 1189
4878 1189
4408 1189
3387 1189
7499 1188
7345 1188
7024 1188
6509 1188
6418 1188
6343 1188
5936 1188
5870 1188
8848 1187
8173 1187
8074 1187
7551 1187
6815 1187
6398 1187
4782 1187
4539 1187
4274 1187
3438 1187
2957 1187
9568 1186
8076 1186
7075 1186
6938 1186
6685 1186
6318 1186
5649 1186
4757 1186
4572 1186
3659 1186
3629 1186
9566 1185
7907 1185
7818 1185
7783 1185
7574 1185
6446 1185
6176 1185
5857 1185
2739 1185
7914 1184
7587 1184
6895 1184
6861 1184
5733 1184
9724 1183
9535 1183
7489 1183
7165 1183
5294 1183
4871 1183
3940 1183
3588 1183
9592 1182
9590 1182
9429 1182
9175 1182
9084 1182
8557 1182
7524 1182
7504 1182
7430 1182
6593 1182
5970 1182
4952 1182
3759 1182
3715 1182
3494 1182
0763 1182
9445 1181
8636 1181
7978 1181
7507 1181
7287 1181
5942 1181
5574 1181
4868 1181
3592 1181
3349 1181
9766 1180
8337 1180
6904 1180
6577 1180
5867 1180
4684 1180
9585 1179
9440 1179
9433 1179
9362 1179
7846 1179
4770 1179
4583 1179
4409 1179
4391 1179
9762 1178
9434 1178
7884 1178
7866 1178
7589 1178
7056 1178
6695 1178
6304 1178
3930 1178
3855 1178
7550 1177
7470 1177
6056 1177
3407 1177
0736 1177
7556 1176
6639 1176
5349 1176
3845 1176
3668 1176
3509 1176
0349 1176
9964 1175
9036 1175
8872 1175
6872 1175
6854 1175
6818 1175
3827 1175
3576 1175
9491 1174
9464 1174
6703 1174
6481 1174
4706 1174
4429 1174
4375 1174
3671 1174
3469 1174
9554 1173
9365 1173
8635 1173
7797 1173
6858 1173
6571 1173
4915 1173
3929 1173
3839 1173
7651 1172
6399 1172
5941 1172
5816 1172
5549 1172
9529 1171
5988 1171
9391 1170
7044 1170
6899 1170
4447 1170
9575 1169
4637 1169
4574 1169
4076 1169
3992 1169
3772 1169
9728 1168
9449 1168
8548 1168
7952 1168
7817 1168
7467 1168
7382 1168
6926 1168
6903 1168
6765 1168
5387 1168
3358 1168
9835 1167
9742 1167
7848 1167
7590 1167
7517 1167
6715 1167
6609 1167
4807 1167
3648 1167
3347 1167
9946 1166
9588 1166
9486 1166
5493 1166
4872 1166
3802 1166
3488 1166
3394 1166
9859 1165
9726 1165
9484 1165
7761 1165
7443 1165
7284 1165
7257 1165
6961 1165
6718 1165
6659 1165
5779 1165
4755 1165
4686 1165
9958 1164
9807 1164
8553 1164
8446 1164
7807 1164
7661 1164
7267 1164
7243 1164
6956 1164
6478 1164
5742 1164
5740 1164
4733 1164
3850 1164
3608 1164
8895 1163
6960 1163
6952 1163
6907 1163
6629 1163
5989 1163
5924 1163
4373 1163
9796 1162
7814 1162
7580 1162
6860 1162
6174 1162
4961 1162
0938 1162
9682 1161
9488 1161
9453 1161
8868 1161
7767 1161
5933 1161
4457 1161
3368 1161
3367 1161
9843 1160
9417 1160
7435 1160
7364 1160
6297 1160
4942 1160
3717 1160
8427 1159
7926 1159
7860 1159
7591 1159
7407 1159
7265 1159
6898 1159
5705 1159
4494 1159
9927 1158
9680 1158
9584 1158
7864 1158
7756 1158
7642 1158
6434 1158
4909 1158
4847 1158
4597 1158
9817 1157
9793 1157
9716 1157
9684 1157
7792 1157
6295 1157
5893 1157
4863 1157
3854 1157
9534 1156
8845 1156
8035 1156
7988 1156
7873 1156
7603 1156
7473 1156
7377 1156
6474 1156
5883 1156
5827 1156
4790 1156
3808 1156
3385 1156
0768 1156
9983 1155
7992 1155
7752 1155
7582 1155
7328 1155
7275 1155
6984 1155
6538 1155
5726 1155
4906 1155
4728 1155
9327 1154
7584 1154
7186 1154
6775 1154
6497 1154
4761 1154
3952 1154
3844 1154
3736 1154
9355 1153
7631 1153
7506 1153
7416 1153
6471 1153
6086 1153
5873 1153
5849 1153
5768 1153
4994 1153
4866 1153
4672 1153
3918 1153
3885 1153
3780 1153
9582 1152
9046 1152
8862 1152
7446 1152
7293 1152
6403 1152
6034 1152
5973 1152
5956 1152
4892 1152
4762 1152
4386 1152
9492 1151
9396 1151
6771 1151
6595 1151
6340 1151
5793 1151
5730 1151
4383 1151
3750 1151
3675 1151
3529 1151
9560 1150
9447 1150
7786 1150
6723 1150
5437 1150
4799 1150
9727 1149
9709 1149
9481 1149
7840 1149
7790 1149
7244 1149
6941 1149
6173 1149
4469 1149
3941 1149
3396 1149
8884 1148
8084 1148
6784 1148
6537 1148
5727 1148
4786 1148
3887 1148
3384 1148
9418 1147
7335 1147
7144 1147
6916 1147
6390 1147
5940 1147
5084 1147
3617 1147
9446 1146
7869 1146
7427 1146
6937 1146
6885 1146
6790 1146
6570 1146
5593 1146
4875 1146
3680 1146
3607 1146
9366 1145
8034 1145
7076 1145
6747 1145
6743 1145
6674 1145
5952 1145
5909 1145
5573 1145
5398 1145
4675 1145
4399 1145
3954 1145
9816 1144
7798 1144
7084 1144
6986 1144
6855 1144
6096 1144
5958 1144
4638 1144
3470 1144
9765 1143
6529 1143
4960 1143
4923 1143
9677 1142
9392 1142
9351 1142
7563 1142
7361 1142
7316 1142
6909 1142
6862 1142
6679 1142
6393 1142
4989 1142
4879 1142
4829 1142
4683 1142
4347 1142
9857 1141
7548 1141
7305 1141
6634 1141
3814 1141
9947 1140
9442 1140
7986 1140
7754 1140
7626 1140
6687 1140
5954 1140
3593 1140
9627 1139
9334 1139
9244 1139
7623 1139
6905 1139
6887 1139
6673 1139
5843 1139
5765 1139
4985 1139
9984 1138
9747 1138
7915 1138
6372 1138
5806 1138
5783 1138
3816 1138
3752 1138
3398 1138
8634 1137
7448 1137
6730 1137
4359 1137
3779 1137
9618 1136
9536 1136
9471 1136
9044 1136
7662 1136
7605 1136
6378 1136
6368 1136
5905 1136
5376 1136
4833 1136
3761 1136
3359 1136
9563 1135
9556 1135
7463 1135
6682 1135
6377 1135
5638 1135
5409 1135
4855 1135
4095 1135
3826 1135
9629 1134
9460 1134
7645 1134
7327 1134
6826 1134
6294 1134
9975 1133
9847 1133
9597 1133
9586 1133
9390 1133
7930 1133
7923 1133
7906 1133
7613 1133
5743 1133
3676 1133
9664 1132
7853 1132
7664 1132
7607 1132
6794 1132
6709 1132
6705 1132
4735 1132
3886 1132
3475 1132
0739 1132
8373 1131
7365 1131
6848 1131
6371 1131
4660 1131
4380 1131
3495 1131
6814 1130
6583 1130
5761 1130
3376 1130
9644 1129
7554 1129
6768 1129
5694 1129
9729 1128
9458 1128
8933 1128
7996 1128
7428 1128
6965 1128
6917 1128
6833 1128
4754 1128
4634 1128
3865 1128
3788 1128
9342 1127
7883 1127
7518 1127
6755 1127
3899 1127
7868 1126
7748 1126
5074 1126
3490 1126
9581 1125
7653 1125
7627 1125
6596 1125
5835 1125
3539 1125
9558 1124
9388 1124
6486 1124
3926 1124
3818 1124
3473 1124
7581 1123
6893 1123
6704 1123
6381 1123
3599 1123
3370 1123
9594 1122
9489 1122
6953 1122
3829 1122
6844 1121
6276 1121
4608 1121
4390 1121
9976 1120
8267 1120
7829 1120
7330 1120
4074 1120
3924 1120
3866 1120
9763 1119
9589 1119
7468 1119
7334 1119
6958 1119
5968 1119
5946 1119
5770 1119
4639 1119
3960 1119
3862 1119
9937 1118
9382 1118
7434 1118
7357 1118
6950 1118
6906 1118
6731 1118
6329 1118
3705 1118
3684 1118
2948 1118
7941 1117
6949 1117
6637 1117
3927 1117
3868 1117
9587 1116
7740 1116
7650 1116
7085 1116
6751 1116
5903 1116
4467 1116
4389 1116
3815 1116
3724 1116
3492 1116
9648 1115
6467 1115
5928 1115
5772 1115
4897 1115
3848 1115
3798 1115
3755 1115
3538 1115
7743 1114
7572 1114
6940 1114
6657 1114
6436 1114
6327 1114
3864 1114
9773 1113
8274 1113
6744 1113
6675 1113
4769 1113
3784 1113
3718 1113
7630 1112
6427 1112
5904 1112
5838 1112
4783 1112
4670 1112
3843 1112
3778 1112
3643 1112
9736 1111
9569 1111
9540 1111
9462 1111
8871 1111
7749 1111
7297 1111
7286 1111
6962 1111
6759 1111
6742 1111
6734 1111
6694 1111
4980 1111
4955 1111
4537 1111
4370 1111
6997 1110
6864 1110
6772 1110
5483 1110
4895 1110
4707 1110
3480 1110
9617 1109
9498 1109
7352 1109
7163 1109
6750 1109
6539 1109
9746 1108
9571 1108
9448 1108
7933 1108
7760 1108
6647 1108
5479 1108
4348 1108
3395 1108
9776 1107
7604 1107
7508 1107
5397 1107
4727 1107
4671 1107
4538 1107
3884 1107
3878 1107
3687 1107
3672 1107
9444 1106
9435 1106
7943 1106
7652 1106
7066 1106
6754 1106
6748 1106
6085 1106
5716 1106
4398 1106
3988 1106
3969 1106
3892 1106
3858 1106
3747 1106
9967 1105
9827 1105
9468 1105
7571 1105
7363 1105
6770 1105
6717 1105
6707 1105
6370 1105
3674 1105
9974 1104
9340 1104
7977 1104
7762 1104
6828 1104
4695 1104
4607 1104
4594 1104
3995 1104
3871 1104
7671 1103
7540 1103
7486 1103
6367 1103
5817 1103
4696 1103
9371 1102
7487 1102
7276 1102
4784 1102
4609 1102
8840 1101
7759 1101
6733 1101
5583 1101
3902 1101
3872 1101
3869 1101
3775 1101
3738 1101
3727 1101
9457 1100
7969 1100
6470 1100
6459 1100
6348 1100
3670 1100
3583 1100
0758 1100
9544 1099
7689 1099
6484 1099
4392 1099
3942 1099
3917 1099
3905 1099
3497 1099
9938 1098
7074 1098
6480 1098
6417 1098
4898 1098
3785 1098
3688 1098
9485 1097
7065 1097
6728 1097
4943 1097
4864 1097
3682 1097
9756 1096
7928 1096
6388 1096
4933 1096
4294 1096
7998 1095
6779 1095
6477 1095
6460 1095
5776 1095
3959 1095
3597 1095
8879 1094
7498 1094
7306 1094
6683 1094
6395 1094
5764 1094
4953 1094
3909 1094
3783 1094
9466 1093
5736 1093
5594 1093
4809 1093
4378 1093
3781 1093
8645 1092
8295 1092
7633 1092
7516 1092
7436 1092
6859 1092
5929 1092
4692 1092
3649 1092
9849 1091
9774 1091
7729 1091
7408 1091
6983 1091
3837 1091
9968 1090
9497 1090
8897 1090
8368 1090
7863 1090
6875 1090
6840 1090
3835 1090
3673 1090
3378 1090
3375 1090
6943 1089
6638 1089
5797 1089
4376 1089
3956 1089
3586 1089
9775 1088
9580 1088
7935 1088
6874 1088
6684 1088
6448 1088
5709 1088
3716 1088
9593 1087
6954 1087
6929 1087
5934 1087
3944 1087
3859 1087
0648 1087
7826 1086
7479 1086
6838 1086
4954 1086
4473 1086
9687 1085
9459 1085
7669 1085
7034 1085
6896 1085
6594 1085
6492 1085
8294 1084
7490 1084
7466 1084
7440 1084
6706 1084
5762 1084
2947 1084
8648 1083
7993 1083
7736 1083
7672 1083
7354 1083
6856 1083
6716 1083
6358 1083
5908 1083
9744 1082
9689 1082
7568 1082
7046 1082
4836 1082
7960 1081
7617 1081
7579 1081
7356 1081
6797 1081
6697 1081
6346 1081
5760 1081
5473 1081
4956 1081
4708 1081
4498 1081
3776 1081
3686 1081
3397 1081
9738 1080
8838 1080
7528 1080
7362 1080
7295 1080
4969 1080
4857 1080
4468 1080
9474 1079
5728 1079
4766 1079
3936 1079
3483 1079
7859 1078
7795 1078
6894 1078
6808 1078
5094 1078
4496 1078
8896 1077
7959 1077
6994 1077
6843 1077
4887 1077
3928 1077
9346 1076
7995 1076
7673 1076
7469 1076
5964 1076
4746 1076
4593 1076
3903 1076
3726 1076
8876 1075
6729 1075
3754 1075
3728 1075
7835 1074
7735 1074
4924 1074
3863 1074
9754 1073
9360 1073
9076 1073
7491 1073
6383 1073
4853 1073
3708 1073
9758 1072
9478 1072
9344 1072
6773 1072
6740 1072
4393 1072
9361 1071
8870 1071
7614 1071
7344 1071
6857 1071
6469 1071
6359 1071
5957 1071
5834 1071
5076 1071
4698 1071
0647 1071
6472 1070
5906 1070
4729 1070
4676 1070
6829 1069
6806 1069
5774 1069
4094 1069
8936 1068
8865 1068
6774 1068
6597 1068
6491 1068
4709 1068
3739 1068
3379 1068
9784 1067
6935 1067
6883 1067
4908 1067
3981 1067
3934 1067
9443 1066
7509 1066
6382 1066
6344 1066
3496 1066
7929 1065
4883 1065
3961 1065
9475 1064
8853 1064
6908 1064
6761 1064
6756 1064
6494 1064
4693 1064
9675 1063
9548 1063
9477 1063
9436 1063
9356 1063
7970 1063
7599 1063
7598 1063
6384 1063
6337 1063
5763 1063
4775 1063
7688 1062
7460 1062
6870 1062
4387 1062
3856 1062
3836 1062
7942 1061
7816 1061
6394 1061
6075 1061
5839 1061
5704 1061
3766 1061
9338 1060
7953 1060
7857 1060
7594 1060
7593 1060
6783 1060
5597 1060
4918 1060
4760 1060
3294 1060
9795 1059
9668 1059
9647 1059
9578 1059
6487 1059
5794 1059
4737 1059
3996 1059
3895 1059
9794 1058
9572 1058
8644 1058
7958 1058
7350 1058
6839 1058
5767 1058
4988 1058
3966 1058
3916 1058
3805 1058
9783 1057
7086 1057
6475 1057
4948 1057
3762 1057
6457 1056
6408 1056
5997 1056
4929 1056
4867 1056
4495 1056
4385 1056
3703 1056
9957 1055
9767 1055
9352 1055
7294 1055
6380 1055
4838 1055
4459 1055
3439 1055
5977 1054
5809 1054
5703 1054
4779 1054
3949 1054
3898 1054
7646 1053
7608 1053
7480 1053
5773 1053
4944 1053
4694 1053
4673 1053
3975 1053
3953 1053
9676 1052
9659 1052
6757 1052
6726 1052
4963 1052
3743 1052
9538 1051
9343 1051
7696 1051
7409 1051
6827 1051
6338 1051
3679 1051
7657 1050
7592 1050
6805 1050
3893 1050
3493 1050
0649 1050
7843 1049
7560 1049
7495 1049
6927 1049
4981 1049
9657 1048
6752 1048
6387 1048
4945 1048
8883 1047
7918 1047
6928 1047
7844 1046
6468 1046
5927 1046
4978 1046
4894 1046
3968 1046
3760 1046
9375 1045
6708 1045
5796 1045
3962 1045
3476 1045
9836 1044
9739 1044
9350 1044
7529 1044
6876 1044
4970 1044
3977 1044
3799 1044
7847 1043
7384 1043
7296 1043
6407 1043
6296 1043
5937 1043
3683 1043
9672 1042
9463 1042
7971 1042
7615 1042
6964 1042
6853 1042
5807 1042
4573 1042
4493 1042
3853 1042
3904 1040
3834 1040
9472 1039
8894 1039
8864 1039
7849 1039
7492 1039
7054 1039
6769 1039
6447 1039
5949 1039
4438 1039
5979 1038
5708 1038
3729 1038
9034 1037
8393 1037
7954 1037
6877 1037
6576 1037
9476 1036
8860 1036
7738 1036
7660 1036
7640 1036
7388 1036
6967 1036
6649 1036
9748 1035
9557 1035
7768 1035
7558 1035
7547 1035
5994 1035
5916 1035
5769 1035
3994 1035
3479 1035
9539 1034
9372 1034
8637 1034
7994 1034
7956 1034
7691 1034
7459 1034
7353 1034
3867 1034
3757 1034
7371 1033
6737 1033
5837 1033
4986 1033
4792 1033
3877 1033
2937 1033
7674 1032
6760 1032
6727 1032
6479 1032
3685 1032
0738 1032
6490 1031
5917 1031
5729 1031
5718 1031
3804 1031
6084 1030
4765 1030
3794 1030
9480 1029
6804 1029
6762 1029
6438 1029
3744 1029
3707 1029
9839 1028
8875 1028
7527 1028
7341 1028
5749 1028
4795 1028
9973 1027
6735 1027
6495 1027
4449 1027
9437 1026
7679 1026
7483 1026
6836 1026
4773 1026
4734 1026
3965 1026
7573 1025
6746 1025
4395 1025
9493 1024
9438 1024
8893 1024
6809 1024
5918 1024
4984 1024
4982 1024
4975 1024
4697 1024
9834 1023
4798 1023
3986 1023
3935 1023
3906 1023
9769 1022
7663 1022
7628 1022
7618 1022
4674 1022
3985 1022
7796 1021
6959 1021
6499 1021
4479 1021
6846 1020
4439 1020
3984 1020
7658 1019
7429 1019
7378 1019
6764 1019
4793 1019
9389 1018
7836 1018
6867 1018
4907 1018
4476 1018
0759 1018
9667 1017
7358 1017
6573 1017
4767 1017
3894 1017
8276 1016
6724 1016
5766 1016
5734 1016
3989 1016
3982 1016
9473 1015
7965 1015
6476 1015
6375 1015
4966 1015
8859 1014
7916 1014
7616 1014
3764 1014
9364 1013
7570 1013
7336 1013
6957 1013
5706 1013
4384 1013
9470 1012
8638 1012
4876 1012
4874 1012
4827 1012
4749 1012
3873 1012
4928 1011
4835 1011
4437 1011
9573 1010
9570 1010
9374 1010
7449 1010
7360 1010
6865 1010
4075 1010
8846 1009
7636 1009
7096 1009
3704 1009
9743 1008
9469 1008
7457 1008
7359 1008
6409 1008
7917 1007
7370 1007
6817 1007
4834 1007
7838 1006
7437 1006
7390 1006
6076 1006
5939 1006
4837 1006
3938 1006
3803 1006
9759 1005
8646 1005
7496 1005
6074 1005
4776 1005
3594 1005
3786 1004
9673 1003
8834 1003
7690 1003
7687 1003
6803 1003
6736 1003
4926 1003
3734 1003
9547 1002
7494 1002
6347 1002
4962 1002
3875 1001
8843 1000
8639 1000
7962 1000
7095 1000
6758 1000
8275 999
7967 999
7927 998
4993 998
3735 998
9577 997
8836 997
7343 997
6095 997
9574 996
9549 996
7940 996
7837 996
6834 996
4971 996
3706 996
7794 995
7372 995
5944 995
5497 995
4379 995
3896 995
3765 995
3748 994
7685 993
7438 993
6429 993
4995 993
4927 993
7974 992
7381 992
7834 991
4998 991
4958 991
9467 989
7966 989
7549 989
4972 989
3849 989
9643 988
7670 988
7648 988
6863 988
6386 988
5976 988
5943 988
4497 988
3978 988
9537 987
9439 987
7583 987
7366 987
6807 987
3997 987
3876 987
3809 987
3793 987
7949 986
7609 986
7686 985
3946 985
9398 984
7559 984
6763 984
6483 984
3756 984
4877 983
8857 982
7342 982
6847 982
3806 982
8647 981
7340 981
7698 980
6493 980
5974 980
4394 980
3807 980
9353 979
7945 979
4977 979
3955 979
3907 979
3817 979
9354 977
3758 977
9683 976
5967 976
4996 976
8863 975
8847 975
6389 975
4946 975
9381 974
9378 974
7975 974
7675 974
6379 974
4396 974
9370 973
8935 973
9576 972
5739 972
8874 970
6873 970
4979 969
7692 968
7375 968
3908 968
9383 967
7695 967
3709 967
7983 965
7684 965
7659 964
4976 964
7392 963
5907 963
5738 963
3964 963
7367 962
9579 961
7339 961
3970 961
9737 960
9397 960
7961 960
7697 960
7393 960
3983 960
9337 959
7379 957
6496 957
3874 957
9649 956
9348 956
6793 956
9367 955
3979 955
3857 955
9749 954
6449 954
6376 954
4768 954
7976 953
7682 953
3974 953
6837 952
3998 952
7597 951
6397 951
3769 951
5737 950
3943 950
8649 949
6437 949
4939 949
7957 948
7944 948
9385 947
8643 946
7681 946
7338 946
6739 946
3797 946
9387 945
9368 945
8849 945
5947 945
6094 944
3972 944
6796 943
6473 943
6349 943
4893 942
4873 941
4797 941
4794 941
7693 940
7939 939
7347 939
3947 939
9483 937
8873 937
7635 937
7385 937
7394 936
7968 935
7497 935
7329 935
4397 934
7376 933
7064 933
9380 932
8837 932
7839 932
7634 932
7439 932
6439 932
4947 932
4763 932
9349 931
7934 931
7739 931
7493 930
6738 930
9373 929
7637 928
4935 928
3763 928
8867 927
4957 927
3768 927
9837 926
7380 925
7680 923
8835 921
4764 920
4739 919
3897 919
9386 918
7629 918
6498 918
7972 917
7647 917
7389 917
6849 917
4973 917
4974 916
9479 915
8839 915
7348 915
9768 914
4934 914
7973 912
7948 911
7395 911
7094 911
9359 910
7936 910
4965 910
4738 909
3749 909
6749 908
9583 906
8934 905
3948 905
9358 904
4967 904
3958 902
4997 900
4839 899
3937 896
7649 894
5938 894
3976 894
9379 893
7668 893
7386 893
9347 892
7964 891
4964 890
8939 888
3796 887
3767 886
9377 883
4936 883
7398 882
3973 880
3967 880
7683 877
4983 874
7387 871
7639 870
3957 869
7638 861
7349 858
8938 854
7947 854
7694 853
7396 849
4968 848
8937 847
7937 846
7938 843
7397 840
7368 840
9376 830
4937 820
4938 771
